"d874134d2e2e27789e2824ea23d04b75"
"1f62ab6ad84ea03c1f257dce43aebab0"
(section 0 1 80 11 79)
(brace 8 8 10 9 10)
(brace 9 78 80 79 80)
(section 0 82 102 91 101)
(brace 8 89 91 90 91)
(brace 9 100 102 101 102)
(comment 0 504 505 504 505)
(section 0 1340 1382 1353 1381)
(brace 8 1350 1352 1351 1352)
(brace 9 1380 1382 1381 1382)
(section 0 3086 3115 3095 3114)
(brace 8 3093 3095 3094 3095)
(brace 9 3113 3115 3114 3115)
(inline-math 0 3429 3430 3429 3430)
(inline-math 0 3431 3432 3431 3432)
(inline-math 0 3447 3448 3447 3448)
(brace 8 3451 3453 3452 3453)
(brace 9 3453 3455 3454 3455)
(inline-math 0 3455 3456 3455 3456)
(inline-math 0 3472 3473 3472 3473)
(inline-math 0 3474 3475 3474 3475)
(inline-math 0 3501 3502 3501 3502)
(inline-math 0 3503 3504 3503 3504)
(inline-math 0 3506 3507 3506 3507)
(inline-math 0 3508 3509 3508 3509)
(inline-math 0 3578 3579 3578 3579)
(inline-math 0 3580 3581 3580 3581)
(inline-math 0 3624 3625 3624 3625)
(inline-math 0 3626 3627 3626 3627)
(inline-math 0 3629 3630 3629 3630)
(inline-math 0 3631 3632 3631 3632)
(inline-math 0 3690 3691 3690 3691)
(brace 8 3694 3696 3695 3696)
(brace 9 3696 3698 3697 3698)
(inline-math 0 3698 3699 3698 3699)
(inline-math 0 3731 3732 3731 3732)
(inline-math 0 3733 3734 3733 3734)
(inline-math 0 3905 3906 3905 3906)
(inline-math 0 3907 3908 3907 3908)
(inline-math 0 3946 3947 3946 3947)
(inline-math 0 3948 3949 3948 3949)
(inline-math 0 4263 4264 4263 4264)
(inline-math 0 4265 4266 4265 4266)
(inline-math 0 4345 4346 4345 4346)
(inline-math 0 4347 4348 4347 4348)
(inline-math 0 4393 4394 4393 4394)
(brace 8 4397 4399 4398 4399)
(brace 9 4399 4401 4400 4401)
(inline-math 0 4401 4402 4401 4402)
(inline-math 0 4433 4434 4433 4434)
(inline-math 0 4435 4436 4435 4436)
(brace 2 4466 4473 4467 4473)
(brace 9 4494 4496 4495 4496)
(inline-math 0 4526 4527 4526 4527)
(inline-math 0 4528 4529 4528 4529)
(section 0 4660 4696 4672 4695)
(brace 8 4670 4672 4671 4672)
(brace 9 4694 4696 4695 4696)
(section 0 5457 5495 5472 5485)
(brace 8 5470 5472 5471 5472)
(brace 9 5493 5495 5494 5495)
(environment 2 5719 5738 5719 5738)
(brace 3 5719 5726 5719 5726)
(brace 9 5736 5738 5737 5738)
(brace 8 5775 5777 5776 5777)
(brace 9 5796 5798 5797 5798)
(brace 8 5808 5810 5809 5810)
(brace 9 5827 5829 5828 5829)
(brace 2 5829 5836 5830 5836)
(brace 9 5863 5865 5864 5865)
(brace 8 6171 6173 6172 6173)
(brace 9 6175 6177 6176 6177)
(brace 2 6326 6333 6327 6333)
(brace 9 6351 6353 6352 6353)
(brace 2 6497 6504 6498 6504)
(brace 9 6524 6526 6525 6526)
(brace 2 6525 6532 6526 6532)
(brace 9 6552 6554 6553 6554)
(brace 2 7135 7142 7136 7142)
(brace 9 7161 7163 7162 7163)
(brace 2 7163 7170 7164 7170)
(brace 9 7191 7193 7192 7193)
(environment 3 7783 7800 7783 7800)
(brace 4 7783 7788 7783 7788)
(brace 9 7798 7800 7799 7800)
(section 0 8033 8069 8068 8048)
(brace 8 8046 8048 8047 8048)
(brace 9 8067 8069 8068 8069)
(environment 2 8640 8659 8640 8659)
(brace 3 8640 8647 8640 8647)
(brace 9 8657 8659 8658 8659)
(brace 2 8723 8730 8724 8730)
(brace 9 8748 8750 8749 8750)
(brace 2 9688 9695 9689 9695)
(brace 9 9709 9711 9710 9711)
(brace 2 9711 9718 9712 9718)
(brace 9 9737 9739 9738 9739)
(brace 2 9738 9745 9739 9745)
(brace 9 9762 9764 9763 9764)
(brace 2 9763 9770 9764 9770)
(brace 9 9791 9793 9792 9793)
(brace 8 9987 9989 9988 9989)
(brace 9 10012 10014 10013 10014)
(brace 2 10020 10027 10021 10027)
(brace 9 10050 10052 10051 10052)
(inline-math 0 10704 10705 10704 10705)
(inline-math 0 10706 10707 10706 10707)
(inline-math 0 10709 10710 10709 10710)
(inline-math 0 10711 10712 10711 10712)
(environment 3 10735 10752 10735 10752)
(brace 4 10735 10740 10735 10740)
(brace 9 10750 10752 10751 10752)
(section 0 10755 10792 10767 10791)
(brace 8 10765 10767 10766 10767)
(brace 9 10790 10792 10791 10792)
(brace 5 10982 10989 10983 10989)
(inline-math 0 10982 10983 10982 10983)
(brace 9 11008 11010 11009 11010)
(inline-math 0 11023 11024 11023 11024)
(inline-math 0 11045 11046 11045 11046)
(inline-math 0 11047 11048 11047 11048)
(inline-math 0 11057 11058 11057 11058)
(inline-math 0 11065 11066 11065 11066)
(inline-math 0 11235 11236 11235 11236)
(inline-math 0 11243 11244 11243 11244)
(inline-math 0 11317 11318 11317 11318)
(inline-math 0 11322 11323 11322 11323)
(section 0 11636 11679 11651 11667)
(brace 8 11649 11651 11650 11651)
(brace 9 11677 11679 11678 11679)
(brace 2 12175 12182 12176 12182)
(brace 9 12203 12205 12204 12205)
(section 0 12208 12244 12232 12243)
(brace 8 12221 12223 12222 12223)
(brace 9 12242 12244 12243 12244)
(brace 8 12752 12754 12753 12754)
(brace 9 12768 12770 12769 12770)
(brace 8 13015 13017 13016 13017)
(brace 9 13021 13023 13022 13023)
(inline-math 0 13040 13041 13040 13041)
(inline-math 0 13043 13044 13043 13044)
(inline-math 0 13081 13082 13081 13082)
(brace 8 13086 13088 13087 13088)
(brace 9 13090 13092 13091 13092)
(inline-math 0 13113 13114 13113 13114)
(inline-math 0 13122 13123 13122 13123)
(inline-math 0 13130 13131 13130 13131)
(inline-math 0 13159 13160 13159 13160)
(inline-math 0 13161 13162 13161 13162)
(inline-math 0 13179 13180 13179 13180)
(inline-math 0 13181 13182 13181 13182)
(brace 8 13245 13247 13246 13247)
(brace 9 13251 13253 13252 13253)
(inline-math 0 13270 13271 13270 13271)
(inline-math 0 13273 13274 13273 13274)
(inline-math 0 13308 13309 13308 13309)
(brace 8 13313 13315 13314 13315)
(brace 9 13317 13319 13318 13319)
(inline-math 0 13340 13341 13340 13341)
(brace 8 13520 13522 13521 13522)
(brace 9 13532 13534 13533 13534)
(section 0 13682 13733 13697 13732)
(brace 8 13695 13697 13696 13697)
(brace 9 13731 13733 13732 13733)
(brace 8 14013 14015 14014 14015)
(brace 9 14045 14047 14046 14047)
(brace 8 14058 14060 14059 14060)
(brace 9 14080 14082 14081 14082)
(section 0 14231 14257 14240 14256)
(brace 8 14238 14240 14239 14240)
(brace 9 14255 14257 14256 14257)
(section 0 14258 14335 14334 14273)
(brace 8 14271 14273 14272 14273)
(brace 9 14333 14335 14334 14335)
(brace 2 14420 14427 14421 14427)
(brace 9 14452 14454 14453 14454)
(inline-math 0 14843 14844 14843 14844)
(brace 8 14850 14852 14851 14852)
(brace 9 14852 14854 14853 14854)
(inline-math 0 14854 14855 14854 14855)
(inline-math 0 14856 14857 14856 14857)
(brace 5 14857 14864 14858 14864)
(brace 9 14870 14872 14871 14872)
(brace 5 14879 14886 14880 14886)
(brace 9 14902 14904 14903 14904)
(inline-math 0 14905 14906 14905 14906)
(inline-math 0 15636 15637 15636 15637)
(brace 8 15643 15645 15644 15645)
(brace 9 15645 15647 15646 15647)
(inline-math 0 15647 15648 15647 15648)
(inline-math 0 15649 15650 15649 15650)
(brace 5 15650 15657 15651 15657)
(brace 9 15662 15664 15663 15664)
(brace 5 15671 15678 15672 15678)
(brace 9 15682 15684 15683 15684)
(inline-math 0 15685 15686 15685 15686)
(inline-math 0 15945 15946 15945 15946)
(brace 8 15952 15954 15953 15954)
(brace 9 15954 15956 15955 15956)
(brace 5 15957 15964 15958 15964)
(brace 9 15969 15971 15970 15971)
(brace 5 15979 15986 15980 15986)
(brace 9 15993 15995 15994 15995)
(brace 5 15996 16003 15997 16003)
(brace 9 16012 16014 16013 16014)
(inline-math 0 16014 16015 16014 16015)
(inline-math 0 16117 16118 16117 16118)
(brace 8 16124 16126 16125 16126)
(brace 9 16126 16128 16127 16128)
(inline-math 0 16128 16129 16128 16129)
(inline-math 0 16134 16135 16134 16135)
(brace 8 16141 16143 16142 16143)
(brace 9 16143 16145 16144 16145)
(brace 9 16144 16146 16145 16146)
(inline-math 0 16146 16147 16146 16147)
(inline-math 0 16762 16763 16762 16763)
(inline-math 0 16770 16771 16770 16771)
(inline-math 0 16883 16884 16883 16884)
(brace 8 16890 16892 16891 16892)
(brace 9 16892 16894 16893 16894)
(inline-math 0 16894 16895 16894 16895)
(inline-math 0 16971 16972 16971 16972)
(brace 8 16978 16980 16979 16980)
(brace 9 16980 16982 16981 16982)
(inline-math 0 16982 16983 16982 16983)
(inline-math 0 17032 17033 17032 17033)
(brace 8 17039 17041 17040 17041)
(brace 9 17041 17043 17042 17043)
(inline-math 0 17044 17045 17044 17045)
(inline-math 0 17082 17083 17082 17083)
(brace 8 17089 17091 17090 17091)
(brace 9 17092 17094 17093 17094)
(inline-math 0 17094 17095 17094 17095)
(inline-math 0 17100 17101 17100 17101)
(brace 8 17107 17109 17108 17109)
(brace 9 17109 17111 17110 17111)
(brace 9 17110 17112 17111 17112)
(inline-math 0 17112 17113 17112 17113)
(section 0 17237 17285 17284 17252)
(brace 8 17250 17252 17251 17252)
(brace 9 17283 17285 17284 17285)
(brace 2 17432 17439 17433 17439)
(brace 9 17464 17466 17465 17466)
(inline-math 0 18742 18743 18742 18743)
(brace 8 18749 18751 18750 18751)
(brace 9 18752 18754 18753 18754)
(inline-math 0 18754 18755 18754 18755)
(inline-math 0 18760 18761 18760 18761)
(brace 8 18767 18769 18768 18769)
(brace 9 18769 18771 18770 18771)
(brace 9 18770 18772 18771 18772)
(inline-math 0 18772 18773 18772 18773)
(inline-math 0 18816 18817 18816 18817)
(brace 8 18823 18825 18824 18825)
(brace 9 18825 18827 18826 18827)
(inline-math 0 18827 18828 18827 18828)
(inline-math 0 18884 18885 18884 18885)
(brace 8 18891 18893 18892 18893)
(brace 9 18893 18895 18894 18895)
(inline-math 0 18895 18896 18895 18896)
(inline-math 0 18901 18902 18901 18902)
(brace 8 18908 18910 18909 18910)
(brace 9 18910 18912 18911 18912)
(inline-math 0 18912 18913 18912 18913)
(inline-math 0 18922 18923 18922 18923)
(brace 8 18929 18931 18930 18931)
(brace 9 18931 18933 18932 18933)
(inline-math 0 18933 18934 18933 18934)
(section 0 19558 19600 19573 19599)
(brace 8 19571 19573 19572 19573)
(brace 9 19598 19600 19599 19600)
(inline-math 0 19682 19683 19682 19683)
(inline-math 0 19690 19691 19690 19691)
(inline-math 0 19726 19727 19726 19727)
(brace 8 19738 19740 19739 19740)
(brace 9 19742 19744 19743 19744)
(inline-math 0 19744 19745 19744 19745)
(inline-math 0 19750 19751 19750 19751)
(inline-math 0 19757 19758 19757 19758)
(inline-math 0 19778 19779 19778 19779)
(brace 8 19791 19793 19792 19793)
(brace 9 19795 19797 19796 19797)
(inline-math 0 19797 19798 19797 19798)
(inline-math 0 19801 19802 19801 19802)
(inline-math 0 19806 19807 19806 19807)
(inline-math 0 19875 19876 19875 19876)
(brace 8 19898 19900 19899 19900)
(brace 9 19900 19902 19901 19902)
(inline-math 0 19903 19904 19903 19904)
(brace 8 19963 19965 19964 19965)
(inline-math 0 19963 19964 19963 19964)
(brace 8 19968 19970 19969 19970)
(brace 9 19975 19977 19976 19977)
(brace 9 19976 19978 19977 19978)
(inline-math 0 19978 19979 19978 19979)
(inline-math 0 20013 20014 20013 20014)
(brace 8 20017 20019 20018 20019)
(brace 9 20024 20026 20025 20026)
(inline-math 0 20026 20027 20026 20027)
(inline-math 0 20043 20044 20043 20044)
(brace 8 20047 20049 20048 20049)
(brace 9 20054 20056 20055 20056)
(brace 8 20076 20078 20077 20078)
(brace 9 20083 20085 20084 20085)
(brace 8 20091 20093 20092 20093)
(brace 9 20100 20102 20101 20102)
(inline-math 0 20109 20110 20109 20110)
(inline-math 0 20112 20113 20112 20113)
(brace 8 20116 20118 20117 20118)
(brace 9 20125 20127 20126 20127)
(brace 8 20145 20147 20146 20147)
(brace 9 20147 20149 20148 20149)
(inline-math 0 20165 20166 20165 20166)
(inline-math 0 20174 20175 20174 20175)
(inline-math 0 20187 20188 20187 20188)
(inline-math 0 20276 20277 20276 20277)
(brace 8 20280 20282 20281 20282)
(brace 9 20287 20289 20288 20289)
(brace 8 20310 20312 20311 20312)
(brace 9 20317 20319 20318 20319)
(inline-math 0 20334 20335 20334 20335)
(inline-math 0 20467 20468 20467 20468)
(inline-math 0 20485 20486 20485 20486)
(inline-math 0 20728 20729 20728 20729)
(inline-math 0 20733 20734 20733 20734)
(inline-math 0 20817 20818 20817 20818)
(inline-math 0 20822 20823 20822 20823)
(inline-math 0 20835 20836 20835 20836)
(brace 8 20848 20850 20849 20850)
(brace 9 20852 20854 20853 20854)
(inline-math 0 20854 20855 20854 20855)
(inline-math 0 20877 20878 20877 20878)
(inline-math 0 20884 20885 20884 20885)
(inline-math 0 20889 20890 20889 20890)
(inline-math 0 20896 20897 20896 20897)
(inline-math 0 21033 21034 21033 21034)
(inline-math 0 21050 21051 21050 21051)
(brace 1 21060 21066 21061 21066)
(brace 9 21074 21076 21075 21076)
(environment 2 21080 21094 21080 21094)
(brace 3 21080 21087 21080 21087)
(brace 9 21092 21094 21093 21094)
(brace 8 21144 21146 21145 21146)
(brace 9 21225 21227 21226 21227)
(brace 8 21241 21243 21242 21243)
(inline-math 0 21277 21278 21277 21278)
(brace 8 21281 21283 21282 21283)
(brace 9 21283 21285 21284 21285)
(inline-math 0 21285 21286 21285 21286)
(inline-math 0 21305 21306 21305 21306)
(brace 8 21309 21311 21310 21311)
(brace 9 21311 21313 21312 21313)
(inline-math 0 21313 21314 21313 21314)
(brace 9 21314 21316 21315 21316)
(label 0 21316 21334 21324 21333)
(brace label 21316 21324 21317 21324)
(brace 9 21332 21334 21333 21334)
(environment 3 21335 21347 21335 21347)
(brace 4 21335 21340 21335 21340)
(brace 9 21345 21347 21346 21347)
(inline-math 0 21739 21740 21739 21740)
(brace 8 21787 21789 21788 21789)
(brace 9 21791 21793 21792 21793)
(brace 8 21793 21795 21794 21795)
(brace 9 21803 21805 21804 21805)
(inline-math 0 21805 21806 21805 21806)
(inline-math 0 21839 21840 21839 21840)
(brace 8 21851 21853 21852 21853)
(brace 9 21855 21857 21856 21857)
(inline-math 0 21857 21858 21857 21858)
(inline-math 0 21963 21964 21963 21964)
(inline-math 0 21971 21972 21971 21972)
(inline-math 0 21990 21991 21990 21991)
(inline-math 0 21992 21993 21992 21993)
(section 0 22056 22127 22126 22071)
(brace 8 22069 22071 22070 22071)
(brace 9 22125 22127 22126 22127)
(inline-math 0 22568 22569 22568 22569)
(inline-math 0 22572 22573 22572 22573)
(inline-math 0 22593 22594 22593 22594)
(inline-math 0 22598 22599 22598 22599)
(inline-math 0 22623 22624 22623 22624)
(inline-math 0 22628 22629 22628 22629)
(inline-math 0 23025 23026 23025 23026)
(inline-math 0 23028 23029 23028 23029)
(brace 8 23373 23375 23374 23375)
(brace 9 23378 23380 23379 23380)
(brace 1 23850 23856 23851 23856)
(brace 9 23862 23864 23863 23864)
(environment 2 23872 23887 23872 23887)
(brace 3 23872 23880 23873 23880)
(brace 9 23885 23887 23886 23887)
(brace 8 24009 24011 24010 24011)
(brace 8 24064 24066 24065 24066)
(brace 9 24141 24143 24142 24143)
(brace 9 24142 24144 24143 24144)
(comment 0 24144 24145 24144 24145)
(inline-math 0 24275 24276 24275 24276)
(brace 8 24279 24281 24280 24281)
(brace 9 24281 24283 24282 24283)
(inline-math 0 24283 24284 24283 24284)
(brace 8 24285 24287 24286 24287)
(brace 8 24322 24324 24323 24324)
(brace 9 24399 24401 24400 24401)
(brace 9 24400 24402 24401 24402)
(comment 0 24402 24403 24402 24403)
(brace 8 24423 24425 24424 24425)
(brace 9 24488 24490 24489 24490)
(label 0 24490 24506 24505 24498)
(brace label 24490 24498 24491 24498)
(brace 9 24504 24506 24505 24506)
(environment 3 24510 24523 24510 24523)
(brace 4 24510 24516 24511 24516)
(brace 9 24521 24523 24522 24523)
(section 0 24527 24557 24542 24556)
(brace 8 24540 24542 24541 24542)
(brace 9 24555 24557 24556 24557)
(brace 8 24611 24613 24612 24613)
(brace 9 24618 24620 24619 24620)
(brace 8 24850 24852 24851 24852)
(brace 9 24921 24923 24922 24923)
(brace 8 24922 24924 24923 24924)
(brace 8 24934 24936 24935 24936)
(brace 9 24944 24946 24945 24946)
(brace 9 24960 24962 24961 24962)
(brace 8 24970 24972 24971 24972)
(brace 9 25041 25043 25042 25043)
(brace 8 25078 25080 25079 25080)
(brace 9 25104 25106 25105 25106)
(brace 8 25168 25170 25169 25170)
(brace 9 25191 25193 25192 25193)
(section 0 25271 25288 25280 25287)
(brace 8 25278 25280 25279 25280)
(brace 9 25286 25288 25287 25288)
(brace 2 25521 25528 25522 25528)
(brace 9 25543 25545 25544 25545)
(inline-math 0 25558 25559 25558 25559)
(inline-math 0 25564 25565 25564 25565)
(inline-math 0 25578 25579 25578 25579)
(inline-math 0 25586 25587 25586 25587)
(section 0 25656 25679 25668 25678)
(brace 8 25666 25668 25667 25668)
(brace 9 25677 25679 25678 25679)
(section 0 25756 25808 25771 25807)
(brace 8 25769 25771 25770 25771)
(brace 9 25806 25808 25807 25808)
(brace 8 25863 25865 25864 25865)
(brace 9 25889 25891 25890 25891)
(brace 2 26037 26044 26038 26044)
(brace 9 26065 26067 26066 26067)
(inline-math 0 26224 26225 26224 26225)
(comment 0 26228 26229 26228 26229)
(inline-math 0 26229 26230 26229 26230)
(inline-math 0 26265 26266 26265 26266)
(comment 0 26269 26270 26269 26270)
(inline-math 0 26270 26271 26270 26271)
(inline-math 0 26308 26309 26308 26309)
(comment 0 26312 26313 26312 26313)
(inline-math 0 26313 26314 26313 26314)
(brace 8 26347 26349 26348 26349)
(brace 9 26356 26358 26357 26358)
(brace 8 26405 26407 26406 26407)
(brace 9 26416 26418 26417 26418)
(brace 8 26742 26744 26743 26744)
(brace 9 26750 26752 26751 26752)
(brace 8 26893 26895 26894 26895)
(brace 9 26910 26912 26911 26912)
(brace 8 27365 27367 27366 27367)
(brace 9 27378 27380 27379 27380)
(brace 2 27379 27386 27380 27386)
(brace 9 27413 27415 27414 27415)
(section 0 27541 27567 27556 27566)
(brace 8 27554 27556 27555 27556)
(brace 9 27565 27567 27566 27567)
(brace 8 27651 27653 27652 27653)
(brace 9 27720 27722 27721 27722)
(brace 2 27762 27769 27763 27769)
(brace 9 27790 27792 27791 27792)
(inline-math 0 27916 27917 27916 27917)
(inline-math 0 27918 27919 27918 27919)
(inline-math 0 27962 27963 27962 27963)
(inline-math 0 27966 27967 27966 27967)
(section 0 28023 28055 28038 28054)
(brace 8 28036 28038 28037 28038)
(brace 9 28053 28055 28054 28055)
(brace 8 28124 28126 28125 28126)
(brace 9 28143 28145 28144 28145)
(section 0 28325 28352 28337 28351)
(brace 8 28335 28337 28336 28337)
(brace 9 28350 28352 28351 28352)
(inline-math 0 28488 28489 28488 28489)
(inline-math 0 28490 28491 28490 28491)
(inline-math 0 28496 28497 28496 28497)
(inline-math 0 28498 28499 28498 28499)
(inline-math 0 28598 28599 28598 28599)
(brace 8 28605 28607 28606 28607)
(brace 9 28607 28609 28608 28609)
(brace 8 28624 28626 28625 28626)
(brace 9 28627 28629 28628 28629)
(brace 8 28628 28630 28629 28630)
(brace 9 28634 28636 28635 28636)
(inline-math 0 28636 28637 28636 28637)
(inline-math 0 28965 28966 28965 28966)
(inline-math 0 28969 28970 28969 28970)
(inline-math 0 28977 28978 28977 28978)
(inline-math 0 28979 28980 28979 28980)
(inline-math 0 28985 28986 28985 28986)
(inline-math 0 28989 28990 28989 28990)
(inline-math 0 28997 28998 28997 28998)
(inline-math 0 28999 29000 28999 29000)
(inline-math 0 29076 29077 29076 29077)
(inline-math 0 29080 29081 29080 29081)
(section 0 29371 29403 29386 29402)
(brace 8 29384 29386 29385 29386)
(inline-math 0 29386 29387 29386 29387)
(brace 8 29393 29395 29394 29395)
(brace 9 29401 29403 29402 29403)
(brace 9 29403 29405 29404 29405)
(inline-math 0 29403 29404 29403 29404)
(environment 2 29606 29625 29606 29625)
(brace 3 29606 29613 29606 29613)
(brace 9 29623 29625 29624 29625)
(inline-math 0 29632 29633 29632 29633)
(brace 8 29639 29641 29640 29641)
(brace 9 29653 29655 29654 29655)
(inline-math 0 29655 29656 29655 29656)
(inline-math 0 29666 29667 29666 29667)
(inline-math 0 29674 29675 29674 29675)
(inline-math 0 29680 29681 29680 29681)
(inline-math 0 29685 29686 29685 29686)
(inline-math 0 29690 29691 29690 29691)
(inline-math 0 29698 29699 29698 29699)
(inline-math 0 29710 29711 29710 29711)
(inline-math 0 29712 29713 29712 29713)
(inline-math 0 29742 29743 29742 29743)
(inline-math 0 29750 29751 29750 29751)
(brace 2 29832 29839 29833 29839)
(brace 9 29854 29856 29855 29856)
(inline-math 0 29988 29989 29988 29989)
(inline-math 0 30006 30007 30006 30007)
(brace 1 30020 30026 30021 30026)
(brace 9 30037 30039 30038 30039)
(brace 1 30040 30046 30041 30046)
(brace 9 30057 30059 30058 30059)
(brace 1 30060 30066 30061 30066)
(brace 9 30079 30081 30080 30081)
(brace 1 30082 30088 30083 30088)
(brace 9 30100 30102 30101 30102)
(brace 8 30109 30111 30110 30111)
(brace 9 30187 30189 30188 30189)
(inline-math 0 30202 30203 30202 30203)
(brace 8 30209 30211 30210 30211)
(brace 9 30219 30221 30220 30221)
(inline-math 0 30221 30222 30221 30222)
(brace 1 30446 30452 30447 30452)
(brace 9 30461 30463 30462 30463)
(brace 1 30464 30470 30465 30470)
(brace 9 30479 30481 30480 30481)
(brace 1 30482 30488 30483 30488)
(brace 9 30499 30501 30500 30501)
(brace 1 30502 30508 30503 30508)
(brace 9 30518 30520 30519 30520)
(brace 8 30532 30534 30533 30534)
(brace 9 30608 30610 30609 30610)
(environment 3 30612 30630 30612 30630)
(brace 4 30612 30618 30613 30618)
(brace 9 30628 30630 30629 30630)
(section 0 30632 30664 30647 30663)
(brace 8 30645 30647 30646 30647)
(inline-math 0 30647 30648 30647 30648)
(brace 8 30654 30656 30655 30656)
(brace 9 30662 30664 30663 30664)
(brace 9 30664 30666 30665 30666)
(inline-math 0 30664 30665 30664 30665)
(environment 2 30803 30822 30803 30822)
(brace 3 30803 30810 30803 30810)
(brace 9 30820 30822 30821 30822)
(inline-math 0 30829 30830 30829 30830)
(brace 8 30836 30838 30837 30838)
(brace 9 30858 30860 30859 30860)
(inline-math 0 30860 30861 30860 30861)
(inline-math 0 30903 30904 30903 30904)
(inline-math 0 30914 30915 30914 30915)
(inline-math 0 31079 31080 31079 31080)
(inline-math 0 31081 31082 31081 31082)
(inline-math 0 31089 31090 31089 31090)
(inline-math 0 31094 31095 31094 31095)
(inline-math 0 31151 31152 31151 31152)
(inline-math 0 31163 31164 31163 31164)
(brace 1 31178 31184 31179 31184)
(brace 9 31194 31196 31195 31196)
(brace 1 31197 31203 31198 31203)
(brace 9 31213 31215 31214 31215)
(brace 1 31216 31222 31217 31222)
(brace 9 31234 31236 31235 31236)
(brace 1 31237 31243 31238 31243)
(brace 9 31254 31256 31255 31256)
(brace 8 31265 31267 31266 31267)
(brace 9 31344 31346 31345 31346)
(inline-math 0 31355 31356 31355 31356)
(brace 8 31362 31364 31363 31364)
(brace 9 31382 31384 31383 31384)
(inline-math 0 31384 31385 31384 31385)
(inline-math 0 31447 31448 31447 31448)
(inline-math 0 31454 31455 31454 31455)
(inline-math 0 31457 31458 31457 31458)
(inline-math 0 31469 31470 31469 31470)
(environment 3 31692 31709 31692 31709)
(brace 4 31692 31697 31692 31697)
(brace 9 31707 31709 31708 31709)
(section 0 31711 31745 31723 31744)
(brace 8 31721 31723 31722 31723)
(brace 9 31743 31745 31744 31745)
(inline-math 0 31902 31903 31902 31903)
(inline-math 0 31905 31906 31905 31906)
(brace 2 31941 31948 31942 31948)
(brace 9 31970 31972 31971 31972)
(inline-math 0 32061 32062 32061 32062)
(inline-math 0 32063 32064 32063 32064)
(inline-math 0 32192 32193 32192 32193)
(inline-math 0 32206 32207 32206 32207)
(inline-math 0 32466 32467 32466 32467)
(inline-math 0 32470 32471 32470 32471)
(inline-math 0 32753 32754 32753 32754)
(inline-math 0 32757 32758 32757 32758)
(inline-math 0 32777 32778 32777 32778)
(inline-math 0 32780 32781 32780 32781)
(inline-math 0 32914 32915 32914 32915)
(inline-math 0 32929 32930 32929 32930)
(inline-math 0 33223 33224 33223 33224)
(inline-math 0 33228 33229 33228 33229)
(brace 1 33286 33292 33287 33292)
(brace 9 33301 33303 33302 33303)
(brace 1 33304 33310 33305 33310)
(brace 9 33319 33321 33320 33321)
(brace 1 33322 33328 33323 33328)
(brace 9 33339 33341 33340 33341)
(brace 1 33342 33348 33343 33348)
(brace 9 33358 33360 33359 33360)
(brace 8 33370 33372 33371 33372)
(brace 9 33440 33442 33441 33442)
(section 0 33444 33482 33456 33481)
(brace 8 33454 33456 33455 33456)
(brace 9 33480 33482 33481 33482)
(environment 2 33820 33834 33820 33834)
(brace 3 33820 33827 33820 33827)
(brace 9 33832 33834 33833 33834)
(brace 8 33883 33885 33884 33885)
(brace 9 33969 33971 33970 33971)
(brace 8 33981 33983 33982 33983)
(inline-math 0 34011 34012 34011 34012)
(brace 8 34016 34018 34017 34018)
(brace 5 34017 34024 34018 34024)
(brace 9 34037 34039 34038 34039)
(brace 5 34041 34048 34042 34048)
(brace 9 34061 34063 34062 34063)
(brace 9 34063 34065 34064 34065)
(brace 8 34064 34066 34065 34066)
(brace 5 34072 34079 34073 34079)
(brace 9 34093 34095 34094 34095)
(brace 5 34097 34104 34098 34104)
(brace 9 34118 34120 34119 34120)
(brace 9 34119 34121 34120 34121)
(inline-math 0 34121 34122 34121 34122)
(brace 9 34276 34278 34277 34278)
(label 0 34278 34302 34301 34286)
(brace label 34278 34286 34279 34286)
(brace 9 34300 34302 34301 34302)
(environment 3 34303 34315 34303 34315)
(brace 4 34303 34308 34303 34308)
(brace 9 34313 34315 34314 34315)
(brace 1 34610 34616 34611 34616)
(brace 9 34630 34632 34631 34632)
(inline-math 0 35335 35336 35335 35336)
(inline-math 0 35342 35343 35342 35343)
(section 0 35761 35781 35770 35780)
(brace 8 35768 35770 35769 35770)
(brace 9 35779 35781 35780 35781)
(brace 2 36498 36505 36499 36505)
(brace 9 36528 36530 36529 36530)
