"4c100b97ff1cc2523684e72e884831b5"
"1f62ab6ad84ea03c1f257dce43aebab0"
(section 0 1 39 11 38)
(brace 8 8 10 9 10)
(brace 9 37 39 38 39)
(section 0 40 55 49 54)
(brace 8 47 49 48 49)
(brace 9 53 55 54 55)
(environment 2 56 70 56 70)
(brace 3 56 63 56 63)
(brace 9 68 70 69 70)
(brace 8 106 108 107 108)
(brace 9 115 117 116 117)
(environment 3 118 130 118 130)
(brace 4 118 123 118 123)
(brace 9 128 130 129 130)
(newcommand 0 131 155 143 154)
(brace 8 141 143 142 143)
(brace 9 153 155 154 155)
(brace 8 154 156 155 156)
(brace 8 171 173 172 173)
(brace 9 175 177 176 177)
(brace 8 179 181 180 181)
(brace 9 183 185 184 185)
(brace 8 193 195 194 195)
(brace 9 197 199 198 199)
(brace 8 201 203 202 203)
(brace 9 205 207 206 207)
(brace 8 219 221 220 221)
(brace 9 223 225 224 225)
(brace 8 240 242 241 242)
(brace 9 245 247 246 247)
(brace 8 249 251 250 251)
(brace 9 256 258 257 258)
(brace 9 267 269 268 269)
(environment 0 270 284 270 284)
(brace 3 270 277 270 277)
(brace 9 282 284 283 284)
(brace 8 407 409 408 409)
(brace 9 409 411 410 411)
(brace 8 425 427 426 427)
(brace 9 427 429 428 429)
(brace 8 428 430 429 430)
(brace 9 430 432 431 432)
(brace 8 484 486 485 486)
(brace 9 488 490 489 490)
(brace 8 489 491 490 491)
(brace 9 491 493 492 493)
(brace 8 545 547 546 547)
(brace 9 550 552 551 552)
(brace 8 551 553 552 553)
(brace 9 553 555 554 555)
(brace 8 607 609 608 609)
(brace 9 611 613 612 613)
(brace 8 612 614 613 614)
(brace 9 614 616 615 616)
(brace 8 669 671 670 671)
(brace 9 673 675 674 675)
(brace 8 674 676 675 676)
(brace 9 676 678 677 678)
(environment 1 679 691 679 691)
(brace 4 679 684 679 684)
(brace 9 689 691 690 691)
(comment 0 692 693 692 693)
(inline-math 0 746 747 746 747)
(inline-math 0 749 750 749 750)
(inline-math 0 755 756 755 756)
(inline-math 0 761 762 761 762)
(environment 0 764 778 764 778)
(brace 3 764 771 764 771)
(brace 9 776 778 777 778)
(brace 8 794 796 795 796)
(brace 9 798 800 799 800)
(brace 8 799 801 800 801)
(brace 9 801 803 802 803)
(brace 8 824 826 825 826)
(brace 9 828 830 829 830)
(brace 8 829 831 830 831)
(brace 9 833 835 834 835)
(brace 8 854 856 855 856)
(brace 9 858 860 859 860)
(brace 8 859 861 860 861)
(brace 9 863 865 864 865)
(brace 8 885 887 886 887)
(brace 9 889 891 890 891)
(brace 8 890 892 891 892)
(brace 9 894 896 895 896)
(brace 8 914 916 915 916)
(brace 9 918 920 919 920)
(brace 8 919 921 920 921)
(brace 9 923 925 924 925)
(brace 8 946 948 947 948)
(brace 9 950 952 951 952)
(brace 8 951 953 952 953)
(brace 9 955 957 956 957)
(brace 8 975 977 976 977)
(brace 9 979 981 980 981)
(brace 8 980 982 981 982)
(brace 9 982 984 983 984)
(brace 8 1011 1013 1012 1013)
(brace 9 1015 1017 1016 1017)
(brace 8 1016 1018 1017 1018)
(brace 9 1020 1022 1021 1022)
(environment 1 1027 1039 1027 1039)
(brace 4 1027 1032 1027 1032)
(brace 9 1037 1039 1038 1039)
(environment 2 1041 1058 1041 1058)
(brace 3 1041 1048 1041 1048)
(brace 9 1056 1058 1057 1058)
(section 0 1059 1092 1068 1091)
(brace 8 1066 1068 1067 1068)
(brace 9 1090 1092 1091 1092)
(inline-math 0 1097 1098 1097 1098)
(inline-math 0 1099 1100 1099 1100)
(environment 0 1111 1127 1111 1127)
(brace 3 1111 1118 1111 1118)
(brace 9 1125 1127 1126 1127)
(environment 2 1128 1141 1128 1141)
(brace 3 1128 1135 1128 1135)
(brace 9 1139 1141 1140 1141)
(brace 8 1171 1173 1172 1173)
(brace 9 1175 1177 1176 1177)
(brace 8 1225 1227 1226 1227)
(brace 9 1229 1231 1230 1231)
(brace 8 1239 1241 1240 1241)
(brace 9 1243 1245 1244 1245)
(brace 8 1244 1246 1245 1246)
(brace 9 1246 1248 1247 1248)
(brace 8 1268 1270 1269 1270)
(brace 9 1270 1272 1271 1272)
(brace 8 1271 1273 1272 1273)
(brace 9 1273 1275 1274 1275)
(brace 8 1298 1300 1299 1300)
(brace 9 1300 1302 1301 1302)
(brace 8 1301 1303 1302 1303)
(brace 9 1303 1305 1304 1305)
(brace 8 1322 1324 1323 1324)
(brace 9 1326 1328 1327 1328)
(brace 8 1338 1340 1339 1340)
(brace 9 1342 1344 1343 1344)
(brace 8 1362 1364 1363 1364)
(brace 9 1365 1367 1366 1367)
(brace 8 1381 1383 1382 1383)
(brace 9 1385 1387 1386 1387)
(brace 8 1397 1399 1398 1399)
(brace 9 1401 1403 1402 1403)
(brace 8 1432 1434 1433 1434)
(brace 9 1436 1438 1437 1438)
(brace 8 1437 1439 1438 1439)
(brace 9 1439 1441 1440 1441)
(brace 8 1461 1463 1462 1463)
(brace 9 1463 1465 1464 1465)
(brace 8 1464 1466 1465 1466)
(brace 9 1466 1468 1467 1468)
(brace 8 1491 1493 1492 1493)
(brace 9 1493 1495 1494 1495)
(brace 8 1494 1496 1495 1496)
(brace 9 1496 1498 1497 1498)
(brace 8 1515 1517 1516 1517)
(brace 9 1519 1521 1520 1521)
(brace 8 1531 1533 1532 1533)
(brace 9 1535 1537 1536 1537)
(brace 8 1555 1557 1556 1557)
(brace 9 1558 1560 1559 1560)
(brace 8 1574 1576 1575 1576)
(brace 9 1578 1580 1579 1580)
(brace 8 1590 1592 1591 1592)
(brace 9 1594 1596 1595 1596)
(brace 8 1625 1627 1626 1627)
(brace 9 1629 1631 1630 1631)
(brace 8 1630 1632 1631 1632)
(brace 9 1632 1634 1633 1634)
(brace 8 1654 1656 1655 1656)
(brace 9 1656 1658 1657 1658)
(brace 8 1657 1659 1658 1659)
(brace 9 1659 1661 1660 1661)
(brace 8 1684 1686 1685 1686)
(brace 9 1686 1688 1687 1688)
(brace 8 1687 1689 1688 1689)
(brace 9 1689 1691 1690 1691)
(brace 8 1707 1709 1708 1709)
(brace 9 1711 1713 1712 1713)
(brace 8 1723 1725 1724 1725)
(brace 9 1727 1729 1728 1729)
(brace 8 1747 1749 1748 1749)
(brace 9 1750 1752 1751 1752)
(brace 8 1766 1768 1767 1768)
(brace 9 1770 1772 1771 1772)
(brace 8 1782 1784 1783 1784)
(brace 9 1786 1788 1787 1788)
(brace 8 1817 1819 1818 1819)
(brace 9 1821 1823 1822 1823)
(brace 8 1822 1824 1823 1824)
(brace 9 1824 1826 1825 1826)
(brace 8 1846 1848 1847 1848)
(brace 9 1848 1850 1849 1850)
(brace 8 1849 1851 1850 1851)
(brace 9 1851 1853 1852 1853)
(brace 8 1876 1878 1877 1878)
(brace 9 1878 1880 1879 1880)
(brace 8 1879 1881 1880 1881)
(brace 9 1881 1883 1882 1883)
(brace 8 1900 1902 1901 1902)
(brace 9 1904 1906 1905 1906)
(brace 8 1916 1918 1917 1918)
(brace 9 1920 1922 1921 1922)
(brace 8 1940 1942 1941 1942)
(brace 9 1943 1945 1944 1945)
(brace 8 1959 1961 1960 1961)
(brace 9 1963 1965 1964 1965)
(brace 8 1975 1977 1976 1977)
(brace 9 1979 1981 1980 1981)
(brace 8 2010 2012 2011 2012)
(brace 9 2012 2014 2013 2014)
(brace 8 2013 2015 2014 2015)
(brace 9 2015 2017 2016 2017)
(brace 8 2037 2039 2038 2039)
(brace 9 2039 2041 2040 2041)
(brace 8 2040 2042 2041 2042)
(brace 9 2042 2044 2043 2044)
(brace 8 2047 2049 2048 2049)
(brace 9 2051 2053 2052 2053)
(brace 8 2058 2060 2059 2060)
(brace 9 2062 2064 2063 2064)
(environment 3 2066 2077 2066 2077)
(brace 4 2066 2071 2066 2071)
(brace 9 2075 2077 2076 2077)
(environment 1 2078 2092 2078 2092)
(brace 4 2078 2083 2078 2083)
(brace 9 2090 2092 2091 2092)
(newcommand 0 2096 2114 2108 2113)
(brace 8 2106 2108 2107 2108)
(brace 9 2112 2114 2113 2114)
(brace 8 2113 2115 2114 2115)
(brace 8 2118 2120 2119 2120)
(brace 8 2129 2131 2130 2131)
(brace 9 2133 2135 2134 2135)
(brace 8 2148 2150 2149 2150)
(brace 9 2152 2154 2153 2154)
(brace 9 2155 2157 2156 2157)
(brace 8 2171 2173 2172 2173)
(brace 9 2175 2177 2176 2177)
(brace 9 2219 2221 2220 2221)
(environment 0 2222 2238 2222 2238)
(brace 3 2222 2229 2222 2229)
(brace 9 2236 2238 2237 2238)
(environment 2 2239 2252 2239 2252)
(brace 3 2239 2246 2239 2246)
(brace 9 2250 2252 2251 2252)
(brace 8 2283 2285 2284 2285)
(brace 9 2287 2289 2288 2289)
(brace 8 2298 2300 2299 2300)
(brace 9 2302 2304 2303 2304)
(brace 8 2303 2305 2304 2305)
(brace 9 2305 2307 2306 2307)
(brace 8 2326 2328 2327 2328)
(brace 9 2328 2330 2329 2330)
(brace 8 2329 2331 2330 2331)
(brace 9 2331 2333 2332 2333)
(brace 8 2358 2360 2359 2360)
(brace 9 2360 2362 2361 2362)
(brace 8 2361 2363 2362 2363)
(brace 9 2363 2365 2364 2365)
(brace 8 2377 2379 2378 2379)
(brace 9 2381 2383 2382 2383)
(brace 8 2393 2395 2394 2395)
(brace 9 2396 2398 2397 2398)
(brace 8 2401 2403 2402 2403)
(brace 9 2405 2407 2406 2407)
(brace 8 2414 2416 2415 2416)
(brace 9 2418 2420 2419 2420)
(brace 8 2433 2435 2434 2435)
(brace 9 2436 2438 2437 2438)
(brace 8 2451 2453 2452 2453)
(brace 9 2455 2457 2456 2457)
(brace 8 2480 2482 2481 2482)
(brace 9 2484 2486 2485 2486)
(brace 8 2489 2491 2490 2491)
(brace 9 2493 2495 2494 2495)
(brace 8 2515 2517 2516 2517)
(brace 9 2518 2520 2519 2520)
(brace 8 2555 2557 2556 2557)
(brace 9 2559 2561 2560 2561)
(brace 8 2560 2562 2561 2562)
(brace 9 2562 2564 2563 2564)
(brace 8 2583 2585 2584 2585)
(brace 9 2585 2587 2586 2587)
(brace 8 2586 2588 2587 2588)
(brace 9 2588 2590 2589 2590)
(brace 8 2615 2617 2616 2617)
(brace 9 2617 2619 2618 2619)
(brace 8 2618 2620 2619 2620)
(brace 9 2620 2622 2621 2622)
(brace 8 2632 2634 2633 2634)
(brace 9 2636 2638 2637 2638)
(brace 8 2648 2650 2649 2650)
(brace 9 2651 2653 2652 2653)
(brace 8 2656 2658 2657 2658)
(brace 9 2660 2662 2661 2662)
(brace 8 2669 2671 2670 2671)
(brace 9 2673 2675 2674 2675)
(brace 8 2688 2690 2689 2690)
(brace 9 2691 2693 2692 2693)
(brace 8 2705 2707 2706 2707)
(brace 9 2709 2711 2710 2711)
(brace 8 2734 2736 2735 2736)
(brace 9 2738 2740 2739 2740)
(brace 8 2743 2745 2744 2745)
(brace 9 2747 2749 2748 2749)
(brace 8 2769 2771 2770 2771)
(brace 9 2772 2774 2773 2774)
(brace 8 2809 2811 2810 2811)
(brace 9 2813 2815 2814 2815)
(brace 8 2814 2816 2815 2816)
(brace 9 2816 2818 2817 2818)
(brace 8 2837 2839 2838 2839)
(brace 9 2839 2841 2840 2841)
(brace 8 2840 2842 2841 2842)
(brace 9 2842 2844 2843 2844)
(brace 8 2869 2871 2870 2871)
(brace 9 2871 2873 2872 2873)
(brace 8 2872 2874 2873 2874)
(brace 9 2874 2876 2875 2876)
(brace 8 2886 2888 2887 2888)
(brace 9 2890 2892 2891 2892)
(brace 8 2902 2904 2903 2904)
(brace 9 2905 2907 2906 2907)
(brace 8 2910 2912 2911 2912)
(brace 9 2914 2916 2915 2916)
(brace 8 2923 2925 2924 2925)
(brace 9 2927 2929 2928 2929)
(brace 8 2942 2944 2943 2944)
(brace 9 2945 2947 2946 2947)
(brace 8 2959 2961 2960 2961)
(brace 9 2963 2965 2964 2965)
(brace 8 2988 2990 2989 2990)
(brace 9 2992 2994 2993 2994)
(brace 8 2997 2999 2998 2999)
(brace 9 3001 3003 3002 3003)
(brace 8 3023 3025 3024 3025)
(brace 9 3026 3028 3027 3028)
(brace 8 3063 3065 3064 3065)
(brace 9 3067 3069 3068 3069)
(brace 8 3068 3070 3069 3070)
(brace 9 3070 3072 3071 3072)
(brace 8 3091 3093 3092 3093)
(brace 9 3093 3095 3094 3095)
(brace 8 3094 3096 3095 3096)
(brace 9 3096 3098 3097 3098)
(brace 8 3123 3125 3124 3125)
(brace 9 3125 3127 3126 3127)
(brace 8 3126 3128 3127 3128)
(brace 9 3128 3130 3129 3130)
(brace 8 3156 3158 3157 3158)
(brace 9 3160 3162 3161 3162)
(brace 8 3165 3167 3166 3167)
(brace 9 3169 3171 3170 3171)
(brace 8 3182 3184 3183 3184)
(brace 9 3185 3187 3186 3187)
(brace 8 3218 3220 3219 3220)
(brace 9 3222 3224 3223 3224)
(brace 8 3226 3228 3227 3228)
(brace 9 3230 3232 3231 3232)
(brace 8 3245 3247 3246 3247)
(brace 9 3248 3250 3249 3250)
(brace 8 3285 3287 3286 3287)
(brace 9 3289 3291 3290 3291)
(brace 8 3294 3296 3295 3296)
(brace 9 3298 3300 3299 3300)
(brace 8 3320 3322 3321 3322)
(brace 9 3323 3325 3324 3325)
(brace 8 3359 3361 3360 3361)
(brace 9 3361 3363 3362 3363)
(brace 8 3362 3364 3363 3364)
(brace 9 3364 3366 3365 3366)
(brace 8 3386 3388 3387 3388)
(brace 9 3388 3390 3389 3390)
(brace 8 3389 3391 3390 3391)
(brace 9 3391 3393 3392 3393)
(brace 8 3402 3404 3403 3404)
(brace 9 3406 3408 3407 3408)
(brace 8 3413 3415 3414 3415)
(brace 9 3417 3419 3418 3419)
(environment 3 3421 3432 3421 3432)
(brace 4 3421 3426 3421 3426)
(brace 9 3430 3432 3431 3432)
(environment 1 3433 3447 3433 3447)
(brace 4 3433 3438 3433 3438)
(brace 9 3445 3447 3446 3447)
(environment 3 3448 3463 3448 3463)
(brace 4 3448 3453 3448 3453)
(brace 9 3461 3463 3462 3463)
(section 0 3475 3516 3484 3515)
(brace 8 3482 3484 3483 3484)
(brace 9 3514 3516 3515 3516)
(section 0 3517 3534 3529 3533)
(brace 8 3527 3529 3528 3529)
(inline-math 0 3529 3530 3529 3530)
(brace 9 3532 3534 3533 3534)
(inline-math 0 3532 3533 3532 3533)
(comment 0 3536 3537 3536 3537)
(environment 0 3542 3556 3542 3556)
(brace 3 3542 3549 3542 3549)
(brace 9 3554 3556 3555 3556)
(brace 8 3564 3566 3565 3566)
(brace 9 3576 3578 3577 3578)
(brace 8 3577 3579 3578 3579)
(brace 9 3591 3593 3592 3593)
(brace 8 3613 3615 3614 3615)
(brace 9 3617 3619 3618 3619)
(brace 8 3626 3628 3627 3628)
(brace 9 3635 3637 3636 3637)
(brace 8 3636 3638 3637 3638)
(brace 9 3650 3652 3651 3652)
(brace 8 3670 3672 3671 3672)
(brace 9 3674 3676 3675 3676)
(brace 8 3679 3681 3680 3681)
(brace 9 3683 3685 3684 3685)
(brace 8 3702 3704 3703 3704)
(brace 9 3705 3707 3706 3707)
(brace 8 3727 3729 3728 3729)
(brace 9 3729 3731 3730 3731)
(brace 8 3730 3732 3731 3732)
(brace 9 3732 3734 3733 3734)
(brace 8 3739 3741 3740 3741)
(brace 9 3748 3750 3749 3750)
(brace 8 3749 3751 3750 3751)
(brace 9 3770 3772 3771 3772)
(brace 8 3791 3793 3792 3793)
(brace 9 3795 3797 3796 3797)
(brace 8 3804 3806 3805 3806)
(brace 9 3808 3810 3809 3810)
(brace 8 3828 3830 3829 3830)
(brace 9 3831 3833 3832 3833)
(brace 8 3863 3865 3864 3865)
(brace 9 3867 3869 3868 3869)
(brace 8 3872 3874 3873 3874)
(brace 9 3876 3878 3877 3878)
(brace 8 3889 3891 3890 3891)
(brace 9 3892 3894 3893 3894)
(brace 8 3904 3906 3905 3906)
(brace 9 3908 3910 3909 3910)
(brace 8 3913 3915 3914 3915)
(brace 9 3917 3919 3918 3919)
(brace 8 3941 3943 3942 3943)
(brace 9 3944 3946 3945 3946)
(brace 8 3970 3972 3971 3972)
(brace 8 3976 3978 3977 3978)
(brace 9 3983 3985 3984 3985)
(brace 8 3985 3987 3986 3987)
(brace 5 3986 3993 3987 3993)
(brace 9 3995 3997 3996 3997)
(brace 9 3996 3998 3997 3998)
(brace 8 4065 4067 4066 4067)
(brace 9 4069 4071 4070 4071)
(brace 8 4081 4083 4082 4083)
(brace 9 4085 4087 4086 4087)
(brace 8 4090 4092 4091 4092)
(brace 9 4094 4096 4095 4096)
(brace 8 4113 4115 4114 4115)
(brace 9 4116 4118 4117 4118)
(brace 8 4130 4132 4131 4132)
(brace 9 4134 4136 4135 4136)
(brace 8 4146 4148 4147 4148)
(brace 9 4150 4152 4151 4152)
(brace 8 4155 4157 4156 4157)
(brace 9 4159 4161 4160 4161)
(brace 9 4171 4173 4172 4173)
(environment 1 4176 4188 4176 4188)
(brace 4 4176 4181 4176 4181)
(brace 9 4186 4188 4187 4188)
(environment 0 4190 4204 4190 4204)
(brace 3 4190 4197 4190 4197)
(brace 9 4202 4204 4203 4204)
(brace 8 4212 4214 4213 4214)
(brace 9 4221 4223 4222 4223)
(brace 8 4223 4225 4224 4225)
(brace 9 4237 4239 4238 4239)
(brace 8 4258 4260 4259 4260)
(brace 9 4262 4264 4263 4264)
(brace 8 4271 4273 4272 4273)
(brace 9 4280 4282 4281 4282)
(brace 8 4281 4283 4282 4283)
(brace 9 4295 4297 4296 4297)
(brace 8 4300 4302 4301 4302)
(brace 9 4304 4306 4305 4306)
(brace 8 4316 4318 4317 4318)
(brace 9 4319 4321 4320 4321)
(brace 8 4338 4340 4339 4340)
(brace 9 4342 4344 4343 4344)
(brace 8 4352 4354 4353 4354)
(brace 9 4354 4356 4355 4356)
(brace 8 4355 4357 4356 4357)
(brace 9 4357 4359 4358 4359)
(brace 8 4364 4366 4365 4366)
(brace 9 4373 4375 4374 4375)
(brace 8 4374 4376 4375 4376)
(brace 9 4388 4390 4389 4390)
(brace 8 4413 4415 4414 4415)
(brace 9 4417 4419 4418 4419)
(brace 8 4422 4424 4423 4424)
(brace 9 4426 4428 4427 4428)
(brace 8 4446 4448 4447 4448)
(brace 9 4449 4451 4450 4451)
(brace 8 4478 4480 4479 4480)
(brace 9 4482 4484 4483 4484)
(brace 8 4488 4490 4489 4490)
(brace 9 4492 4494 4493 4494)
(brace 8 4504 4506 4505 4506)
(brace 9 4507 4509 4508 4509)
(brace 8 4520 4522 4521 4522)
(brace 9 4524 4526 4525 4526)
(brace 8 4529 4531 4530 4531)
(brace 9 4533 4535 4534 4535)
(brace 8 4557 4559 4558 4559)
(brace 9 4560 4562 4561 4562)
(brace 8 4588 4590 4589 4590)
(brace 8 4594 4596 4595 4596)
(brace 9 4603 4605 4604 4605)
(brace 8 4605 4607 4606 4607)
(brace 5 4606 4613 4607 4613)
(brace 9 4615 4617 4616 4617)
(brace 9 4616 4618 4617 4618)
(brace 8 4688 4690 4689 4690)
(brace 9 4692 4694 4693 4694)
(brace 8 4760 4762 4761 4762)
(brace 9 4764 4766 4765 4766)
(brace 8 4824 4826 4825 4826)
(brace 9 4828 4830 4829 4830)
(brace 8 4896 4898 4897 4898)
(brace 9 4899 4901 4900 4901)
(brace 8 5023 5025 5024 5025)
(brace 9 5027 5029 5028 5029)
(brace 8 5040 5042 5041 5042)
(brace 9 5044 5046 5045 5046)
(brace 8 5056 5058 5057 5058)
(brace 9 5060 5062 5061 5062)
(brace 9 5072 5074 5073 5074)
(environment 1 5075 5087 5075 5087)
(brace 4 5075 5080 5075 5080)
(brace 9 5085 5087 5086 5087)
(environment 0 5110 5124 5110 5124)
(brace 3 5110 5117 5110 5117)
(brace 9 5122 5124 5123 5124)
(brace 8 5131 5133 5132 5133)
(brace 8 5138 5140 5139 5140)
(brace 9 5145 5147 5146 5147)
(brace 8 5147 5149 5148 5149)
(brace 5 5148 5155 5149 5155)
(brace 9 5157 5159 5158 5159)
(brace 9 5158 5160 5159 5160)
(brace 8 5175 5177 5176 5177)
(brace 9 5179 5181 5180 5181)
(brace 8 5192 5194 5193 5194)
(brace 9 5196 5198 5197 5198)
(brace 8 5201 5203 5202 5203)
(brace 9 5205 5207 5206 5207)
(brace 8 5218 5220 5219 5220)
(brace 9 5221 5223 5222 5223)
(brace 8 5265 5267 5266 5267)
(brace 9 5269 5271 5270 5271)
(brace 8 5282 5284 5283 5284)
(brace 9 5286 5288 5287 5288)
(brace 8 5330 5332 5331 5332)
(brace 9 5334 5336 5335 5336)
(brace 9 5346 5348 5347 5348)
(brace 8 5357 5359 5358 5359)
(brace 8 5366 5368 5367 5368)
(brace 9 5373 5375 5374 5375)
(brace 8 5375 5377 5376 5377)
(brace 5 5376 5383 5377 5383)
(brace 9 5385 5387 5386 5387)
(brace 9 5386 5388 5387 5388)
(brace 8 5403 5405 5404 5405)
(brace 9 5407 5409 5408 5409)
(brace 8 5420 5422 5421 5422)
(brace 9 5424 5426 5425 5426)
(brace 8 5429 5431 5430 5431)
(brace 9 5433 5435 5434 5435)
(brace 8 5446 5448 5447 5448)
(brace 9 5449 5451 5450 5451)
(brace 8 5493 5495 5494 5495)
(brace 9 5497 5499 5498 5499)
(brace 8 5510 5512 5511 5512)
(brace 9 5514 5516 5515 5516)
(brace 8 5520 5522 5521 5522)
(brace 9 5524 5526 5525 5526)
(brace 9 5535 5537 5536 5537)
(environment 1 5542 5554 5542 5554)
(brace 4 5542 5547 5542 5547)
(brace 9 5552 5554 5553 5554)
(environment 2 5566 5583 5566 5583)
(brace 3 5566 5573 5566 5573)
(brace 9 5581 5583 5582 5583)
(section 0 5584 5604 5596 5603)
(brace 8 5594 5596 5595 5596)
(inline-math 0 5596 5597 5596 5597)
(brace 9 5602 5604 5603 5604)
(inline-math 0 5602 5603 5602 5603)
(environment 0 5607 5621 5607 5621)
(brace 3 5607 5614 5607 5614)
(brace 9 5619 5621 5620 5621)
(brace 8 5629 5631 5630 5631)
(brace 9 5638 5640 5639 5640)
(brace 8 5639 5641 5640 5641)
(brace 9 5656 5658 5657 5658)
(brace 8 5678 5680 5679 5680)
(brace 9 5682 5684 5683 5684)
(brace 8 5700 5702 5701 5702)
(brace 9 5709 5711 5710 5711)
(brace 8 5710 5712 5711 5712)
(brace 9 5727 5729 5728 5729)
(brace 8 5735 5737 5736 5737)
(brace 9 5737 5739 5738 5739)
(brace 8 5738 5740 5739 5740)
(brace 9 5740 5742 5741 5742)
(brace 8 5796 5798 5797 5798)
(brace 9 5798 5800 5799 5800)
(brace 8 5799 5801 5800 5801)
(brace 9 5801 5803 5802 5803)
(brace 8 5808 5810 5809 5810)
(brace 9 5817 5819 5818 5819)
(brace 8 5818 5820 5819 5820)
(brace 9 5839 5841 5840 5841)
(brace 8 5859 5861 5860 5861)
(brace 9 5863 5865 5864 5865)
(brace 8 5868 5870 5869 5870)
(brace 9 5872 5874 5873 5874)
(brace 8 5885 5887 5886 5887)
(brace 9 5888 5890 5889 5890)
(brace 8 5917 5919 5918 5919)
(brace 9 5926 5928 5927 5928)
(brace 8 5927 5929 5928 5929)
(brace 9 5944 5946 5945 5946)
(brace 8 5965 5967 5966 5967)
(brace 9 5969 5971 5970 5971)
(brace 8 5974 5976 5975 5976)
(brace 9 5978 5980 5979 5980)
(brace 8 5996 5998 5997 5998)
(brace 9 5999 6001 6000 6001)
(brace 8 6021 6023 6022 6023)
(brace 9 6023 6025 6024 6025)
(brace 8 6024 6026 6025 6026)
(brace 9 6026 6028 6027 6028)
(brace 8 6033 6035 6034 6035)
(brace 9 6042 6044 6043 6044)
(brace 8 6043 6045 6044 6045)
(brace 9 6060 6062 6061 6062)
(brace 8 6085 6087 6086 6087)
(brace 9 6089 6091 6090 6091)
(brace 8 6094 6096 6095 6096)
(brace 9 6098 6100 6099 6100)
(brace 8 6118 6120 6119 6120)
(brace 9 6121 6123 6122 6123)
(brace 8 6158 6160 6159 6160)
(brace 9 6162 6164 6163 6164)
(brace 8 6179 6181 6180 6181)
(brace 9 6181 6183 6182 6183)
(brace 8 6182 6184 6183 6184)
(brace 9 6184 6186 6185 6186)
(brace 8 6194 6196 6195 6196)
(brace 9 6197 6199 6198 6199)
(brace 8 6207 6209 6208 6209)
(brace 9 6209 6211 6210 6211)
(brace 8 6210 6212 6211 6212)
(brace 9 6212 6214 6213 6214)
(brace 8 6222 6224 6223 6224)
(brace 9 6225 6227 6226 6227)
(brace 8 6234 6236 6235 6236)
(brace 9 6238 6240 6239 6240)
(brace 8 6243 6245 6244 6245)
(brace 9 6247 6249 6248 6249)
(brace 8 6260 6262 6261 6262)
(brace 9 6263 6265 6264 6265)
(brace 8 6275 6277 6276 6277)
(brace 9 6278 6280 6279 6280)
(brace 8 6287 6289 6288 6289)
(brace 9 6291 6293 6292 6293)
(brace 8 6296 6298 6297 6298)
(brace 9 6300 6302 6301 6302)
(brace 8 6326 6328 6327 6328)
(brace 9 6329 6331 6330 6331)
(brace 8 6338 6340 6339 6340)
(brace 9 6340 6342 6341 6342)
(brace 8 6341 6343 6342 6343)
(brace 9 6343 6345 6344 6345)
(brace 8 6353 6355 6354 6355)
(brace 9 6356 6358 6357 6358)
(brace 8 6371 6373 6372 6373)
(brace 9 6375 6377 6376 6377)
(brace 8 6380 6382 6381 6382)
(brace 9 6384 6386 6385 6386)
(brace 8 6411 6413 6412 6413)
(brace 9 6414 6416 6415 6416)
(brace 8 6444 6446 6445 6446)
(brace 9 6452 6454 6453 6454)
(brace 8 6454 6456 6455 6456)
(brace 5 6455 6462 6456 6462)
(brace 9 6464 6466 6465 6466)
(brace 9 6465 6467 6466 6467)
(brace 8 6475 6477 6476 6477)
(brace 9 6477 6479 6478 6479)
(brace 8 6478 6480 6479 6480)
(brace 9 6480 6482 6481 6482)
(brace 8 6488 6490 6489 6490)
(brace 9 6492 6494 6493 6494)
(brace 8 6511 6513 6512 6513)
(brace 9 6515 6517 6516 6517)
(brace 8 6520 6522 6521 6522)
(brace 9 6524 6526 6525 6526)
(brace 8 6541 6543 6542 6543)
(brace 9 6545 6547 6546 6547)
(brace 8 6550 6552 6551 6552)
(brace 9 6554 6556 6555 6556)
(brace 8 6581 6583 6582 6583)
(brace 9 6585 6587 6586 6587)
(brace 8 6594 6596 6595 6596)
(brace 9 6598 6600 6599 6600)
(environment 1 6625 6637 6625 6637)
(brace 4 6625 6630 6625 6630)
(brace 9 6635 6637 6636 6637)
(environment 0 6660 6674 6660 6674)
(brace 3 6660 6667 6660 6667)
(brace 9 6672 6674 6673 6674)
(brace 8 6679 6681 6680 6681)
(brace 9 6687 6689 6688 6689)
(brace 8 6689 6691 6690 6691)
(brace 5 6690 6697 6691 6697)
(brace 9 6699 6701 6700 6701)
(brace 9 6700 6702 6701 6702)
(brace 8 6711 6713 6712 6713)
(brace 9 6713 6715 6714 6715)
(brace 8 6714 6716 6715 6716)
(brace 9 6716 6718 6717 6718)
(brace 8 6724 6726 6725 6726)
(brace 9 6728 6730 6729 6730)
(brace 8 6742 6744 6743 6744)
(brace 9 6746 6748 6747 6748)
(brace 8 6751 6753 6752 6753)
(brace 9 6755 6757 6756 6757)
(brace 8 6766 6768 6767 6768)
(brace 9 6770 6772 6771 6772)
(brace 8 6819 6821 6820 6821)
(brace 9 6823 6825 6824 6825)
(brace 8 6850 6852 6851 6852)
(brace 9 6854 6856 6855 6856)
(brace 8 6891 6893 6892 6893)
(brace 9 6895 6897 6896 6897)
(brace 8 6928 6930 6929 6930)
(brace 9 6936 6938 6937 6938)
(brace 8 6938 6940 6939 6940)
(brace 5 6939 6946 6940 6946)
(brace 9 6948 6950 6949 6950)
(brace 9 6949 6951 6950 6951)
(brace 8 6959 6961 6960 6961)
(brace 9 6961 6963 6962 6963)
(brace 8 6962 6964 6963 6964)
(brace 9 6964 6966 6965 6966)
(brace 8 6972 6974 6973 6974)
(brace 9 6976 6978 6977 6978)
(brace 8 6990 6992 6991 6992)
(brace 9 6994 6996 6995 6996)
(brace 8 6999 7001 7000 7001)
(brace 9 7003 7005 7004 7005)
(brace 8 7014 7016 7015 7016)
(brace 9 7018 7020 7019 7020)
(brace 8 7070 7072 7071 7072)
(brace 9 7074 7076 7075 7076)
(brace 8 7101 7103 7102 7103)
(brace 9 7105 7107 7106 7107)
(brace 8 7144 7146 7145 7146)
(brace 9 7148 7150 7149 7150)
(brace 8 7182 7184 7183 7184)
(brace 9 7190 7192 7191 7192)
(brace 8 7192 7194 7193 7194)
(brace 5 7193 7200 7194 7200)
(brace 9 7202 7204 7203 7204)
(brace 9 7203 7205 7204 7205)
(brace 8 7214 7216 7215 7216)
(brace 9 7216 7218 7217 7218)
(brace 8 7217 7219 7218 7219)
(brace 9 7219 7221 7220 7221)
(brace 8 7227 7229 7228 7229)
(brace 9 7231 7233 7232 7233)
(brace 8 7245 7247 7246 7247)
(brace 9 7249 7251 7250 7251)
(brace 8 7254 7256 7255 7256)
(brace 9 7258 7260 7259 7260)
(brace 8 7269 7271 7270 7271)
(brace 9 7273 7275 7274 7275)
(brace 8 7282 7284 7283 7284)
(brace 9 7286 7288 7287 7288)
(brace 8 7312 7314 7313 7314)
(brace 9 7316 7318 7317 7318)
(brace 8 7325 7327 7326 7327)
(brace 9 7329 7331 7330 7331)
(environment 1 7358 7370 7358 7370)
(brace 4 7358 7363 7358 7363)
(brace 9 7368 7370 7369 7370)
(inline-math 0 7433 7434 7433 7434)
(inline-math 0 7436 7437 7436 7437)
(inline-math 0 7443 7444 7443 7444)
(brace 8 7447 7449 7448 7449)
(brace 9 7450 7452 7451 7452)
(brace 8 7452 7454 7453 7454)
(brace 5 7453 7460 7454 7460)
(brace 9 7462 7464 7463 7464)
(brace 9 7463 7465 7464 7465)
(inline-math 0 7465 7466 7465 7466)
(inline-math 0 7470 7471 7470 7471)
(brace 8 7474 7476 7475 7476)
(brace 9 7480 7482 7481 7482)
(brace 8 7482 7484 7483 7484)
(brace 5 7483 7490 7484 7490)
(brace 9 7492 7494 7493 7494)
(brace 9 7493 7495 7494 7495)
(inline-math 0 7495 7496 7495 7496)
(environment 0 7499 7513 7499 7513)
(brace 3 7499 7506 7499 7506)
(brace 9 7511 7513 7512 7513)
(brace 8 7520 7522 7521 7522)
(brace 8 7526 7528 7527 7528)
(brace 9 7534 7536 7535 7536)
(brace 8 7536 7538 7537 7538)
(brace 5 7537 7544 7538 7544)
(brace 9 7546 7548 7547 7548)
(brace 9 7547 7549 7548 7549)
(brace 8 7558 7560 7559 7560)
(brace 9 7560 7562 7561 7562)
(brace 8 7561 7563 7562 7563)
(brace 9 7563 7565 7564 7565)
(brace 8 7571 7573 7572 7573)
(brace 9 7575 7577 7576 7577)
(brace 8 7593 7595 7594 7595)
(brace 9 7597 7599 7598 7599)
(brace 8 7602 7604 7603 7604)
(brace 9 7606 7608 7607 7608)
(brace 8 7622 7624 7623 7624)
(brace 9 7626 7628 7627 7628)
(brace 8 7631 7633 7632 7633)
(brace 9 7635 7637 7636 7637)
(brace 8 7683 7685 7684 7685)
(brace 9 7687 7689 7688 7689)
(brace 8 7692 7694 7693 7694)
(brace 9 7696 7698 7697 7698)
(brace 8 7710 7712 7711 7712)
(brace 9 7713 7715 7714 7715)
(brace 8 7761 7763 7762 7763)
(brace 9 7765 7767 7766 7767)
(brace 8 7770 7772 7771 7772)
(brace 9 7774 7776 7775 7776)
(brace 9 7787 7789 7788 7789)
(brace 8 7798 7800 7799 7800)
(brace 8 7806 7808 7807 7808)
(brace 9 7814 7816 7815 7816)
(brace 8 7816 7818 7817 7818)
(brace 5 7817 7824 7818 7824)
(brace 9 7826 7828 7827 7828)
(brace 9 7827 7829 7828 7829)
(brace 8 7836 7838 7837 7838)
(brace 9 7838 7840 7839 7840)
(brace 8 7839 7841 7840 7841)
(brace 9 7841 7843 7842 7843)
(brace 8 7849 7851 7850 7851)
(brace 9 7853 7855 7854 7855)
(brace 8 7868 7870 7869 7870)
(brace 9 7872 7874 7873 7874)
(brace 8 7877 7879 7878 7879)
(brace 9 7881 7883 7882 7883)
(brace 8 7890 7892 7891 7892)
(brace 9 7894 7896 7895 7896)
(brace 8 7903 7905 7904 7905)
(brace 9 7907 7909 7908 7909)
(brace 8 7967 7969 7968 7969)
(brace 9 7971 7973 7972 7973)
(brace 8 7976 7978 7977 7978)
(brace 9 7980 7982 7981 7982)
(brace 8 8033 8035 8034 8035)
(brace 9 8036 8038 8037 8038)
(brace 8 8045 8047 8046 8047)
(brace 9 8049 8051 8050 8051)
(brace 8 8086 8088 8087 8088)
(brace 9 8090 8092 8091 8092)
(brace 9 8101 8103 8102 8103)
(brace 8 8114 8116 8115 8116)
(brace 8 8122 8124 8123 8124)
(brace 9 8130 8132 8131 8132)
(brace 8 8132 8134 8133 8134)
(brace 5 8133 8140 8134 8140)
(brace 9 8142 8144 8143 8144)
(brace 9 8143 8145 8144 8145)
(brace 8 8153 8155 8154 8155)
(brace 9 8155 8157 8156 8157)
(brace 8 8156 8158 8157 8158)
(brace 9 8158 8160 8159 8160)
(brace 8 8166 8168 8167 8168)
(brace 9 8170 8172 8171 8172)
(brace 8 8185 8187 8186 8187)
(brace 9 8189 8191 8190 8191)
(brace 8 8194 8196 8195 8196)
(brace 9 8198 8200 8199 8200)
(brace 8 8207 8209 8208 8209)
(brace 9 8211 8213 8212 8213)
(brace 8 8220 8222 8221 8222)
(brace 9 8224 8226 8225 8226)
(brace 8 8284 8286 8285 8286)
(brace 9 8288 8290 8289 8290)
(brace 8 8293 8295 8294 8295)
(brace 9 8297 8299 8298 8299)
(brace 8 8350 8352 8351 8352)
(brace 9 8353 8355 8354 8355)
(brace 8 8362 8364 8363 8364)
(brace 9 8366 8368 8367 8368)
(brace 8 8405 8407 8406 8407)
(brace 9 8409 8411 8410 8411)
(brace 9 8420 8422 8421 8422)
(brace 8 8435 8437 8436 8437)
(brace 8 8443 8445 8444 8445)
(brace 9 8451 8453 8452 8453)
(brace 8 8453 8455 8454 8455)
(brace 5 8454 8461 8455 8461)
(brace 9 8463 8465 8464 8465)
(brace 9 8464 8466 8465 8466)
(brace 8 8474 8476 8475 8476)
(brace 9 8476 8478 8477 8478)
(brace 8 8477 8479 8478 8479)
(brace 9 8479 8481 8480 8481)
(brace 8 8487 8489 8488 8489)
(brace 9 8491 8493 8492 8493)
(brace 8 8549 8551 8550 8551)
(brace 9 8553 8555 8554 8555)
(brace 8 8558 8560 8559 8560)
(brace 9 8562 8564 8563 8564)
(brace 8 8571 8573 8572 8573)
(brace 9 8575 8577 8576 8577)
(brace 8 8584 8586 8585 8586)
(brace 9 8588 8590 8589 8590)
(brace 8 8648 8650 8649 8650)
(brace 9 8652 8654 8653 8654)
(brace 8 8657 8659 8658 8659)
(brace 9 8661 8663 8662 8663)
(brace 8 8714 8716 8715 8716)
(brace 9 8717 8719 8718 8719)
(brace 8 8726 8728 8727 8728)
(brace 9 8730 8732 8731 8732)
(brace 8 8736 8738 8737 8738)
(brace 9 8740 8742 8741 8742)
(brace 9 8795 8797 8796 8797)
(environment 1 8800 8812 8800 8812)
(brace 4 8800 8805 8800 8805)
(brace 9 8810 8812 8811 8812)
(inline-math 0 8864 8865 8864 8865)
(inline-math 0 8872 8873 8872 8873)
(inline-math 0 8922 8923 8922 8923)
(inline-math 0 8930 8931 8930 8931)
(environment 0 8963 8976 8963 8976)
(brace 3 8963 8970 8963 8970)
(brace 9 8974 8976 8975 8976)
(brace 8 8982 8984 8983 8984)
(brace 9 8988 8990 8989 8990)
(brace 8 8990 8992 8991 8992)
(brace 5 8994 9001 8995 9001)
(brace 9 9003 9005 9004 9005)
(brace 9 9004 9006 9005 9006)
(brace 5 9016 9023 9017 9023)
(brace 9 9026 9028 9027 9028)
(brace 8 9040 9042 9041 9042)
(brace 9 9046 9048 9047 9048)
(brace 8 9048 9050 9049 9050)
(brace 5 9052 9059 9053 9059)
(brace 9 9061 9063 9062 9063)
(brace 9 9062 9064 9063 9064)
(environment 1 9073 9084 9073 9084)
(brace 4 9073 9078 9073 9078)
(brace 9 9082 9084 9083 9084)
(section 0 9096 9156 9105 9155)
(brace 8 9103 9105 9104 9105)
(brace 9 9154 9156 9155 9156)
(newcommand 0 9159 9181 9171 9180)
(brace 8 9169 9171 9170 9171)
(brace 9 9179 9181 9180 9181)
(brace 8 9180 9182 9181 9182)
(brace 8 9196 9198 9197 9198)
(brace 9 9199 9201 9200 9201)
(brace 8 9221 9223 9222 9223)
(brace 9 9224 9226 9225 9226)
(brace 9 9232 9234 9233 9234)
(newcommand 0 9235 9258 9247 9257)
(brace 8 9245 9247 9246 9247)
(brace 9 9256 9258 9257 9258)
(brace 8 9257 9259 9258 9259)
(brace 8 9267 9269 9268 9269)
(brace 9 9270 9272 9271 9272)
(brace 9 9275 9277 9276 9277)
(newcommand 0 9278 9300 9290 9299)
(brace 8 9288 9290 9289 9290)
(brace 9 9298 9300 9299 9300)
(brace 8 9299 9301 9300 9301)
(brace 8 9316 9318 9317 9318)
(brace 9 9319 9321 9320 9321)
(brace 9 9320 9322 9321 9322)
(newcommand 0 9323 9348 9335 9347)
(brace 8 9333 9335 9334 9335)
(brace 9 9346 9348 9347 9348)
(brace 8 9347 9349 9348 9349)
(brace 8 9357 9359 9358 9359)
(brace 9 9360 9362 9361 9362)
(brace 9 9365 9367 9366 9367)
(newcommand 0 9368 9392 9380 9391)
(brace 8 9378 9380 9379 9380)
(brace 9 9390 9392 9391 9392)
(brace 8 9391 9393 9392 9393)
(brace 8 9408 9410 9409 9410)
(brace 9 9411 9413 9412 9413)
(brace 9 9412 9414 9413 9414)
(newcommand 0 9415 9437 9427 9436)
(brace 8 9425 9427 9426 9427)
(brace 9 9435 9437 9436 9437)
(brace 8 9436 9438 9437 9438)
(brace 8 9450 9452 9451 9452)
(brace 9 9453 9455 9454 9455)
(brace 8 9477 9479 9478 9479)
(brace 9 9480 9482 9481 9482)
(brace 8 9501 9503 9502 9503)
(brace 9 9504 9506 9505 9506)
(brace 9 9505 9507 9506 9507)
(newcommand 0 9508 9531 9520 9530)
(brace 8 9518 9520 9519 9520)
(brace 9 9529 9531 9530 9531)
(brace 8 9530 9532 9531 9532)
(brace 8 9540 9542 9541 9542)
(brace 9 9543 9545 9544 9545)
(brace 9 9548 9550 9549 9550)
(newcommand 0 9551 9573 9563 9572)
(brace 8 9561 9563 9562 9563)
(brace 9 9571 9573 9572 9573)
(brace 8 9572 9574 9573 9574)
(brace 8 9588 9590 9589 9590)
(brace 9 9591 9593 9592 9593)
(brace 9 9592 9594 9593 9594)
(newcommand 0 9595 9618 9607 9617)
(brace 8 9605 9607 9606 9607)
(brace 9 9616 9618 9617 9618)
(brace 8 9617 9619 9618 9619)
(brace 8 9627 9629 9628 9629)
(brace 9 9630 9632 9631 9632)
(brace 9 9635 9637 9636 9637)
(newcommand 0 9638 9660 9650 9659)
(brace 8 9648 9650 9649 9650)
(brace 9 9658 9660 9659 9660)
(brace 8 9659 9661 9660 9661)
(brace 8 9676 9678 9677 9678)
(brace 9 9679 9681 9680 9681)
(brace 9 9680 9682 9681 9682)
(newcommand 0 9683 9705 9695 9704)
(brace 8 9693 9695 9694 9695)
(brace 9 9703 9705 9704 9705)
(brace 8 9704 9706 9705 9706)
(brace 8 9713 9715 9714 9715)
(brace 9 9716 9718 9717 9718)
(brace 9 9717 9719 9718 9719)
(newcommand 0 9720 9742 9732 9741)
(brace 8 9730 9732 9731 9732)
(brace 9 9740 9742 9741 9742)
(brace 8 9741 9743 9742 9743)
(brace 8 9750 9752 9751 9752)
(brace 9 9753 9755 9754 9755)
(brace 9 9754 9756 9755 9756)
(newcommand 0 9757 9783 9769 9782)
(brace 8 9767 9769 9768 9769)
(brace 9 9781 9783 9782 9783)
(brace 8 9782 9784 9783 9784)
(brace 8 9791 9793 9792 9793)
(brace 9 9794 9796 9795 9796)
(brace 9 9795 9797 9796 9797)
(environment 0 9814 9827 9814 9827)
(brace 3 9814 9821 9814 9821)
(brace 9 9825 9827 9826 9827)
(brace 5 9881 9888 9882 9888)
(brace 9 9892 9894 9893 9894)
(brace 8 9938 9940 9939 9940)
(brace 9 9941 9943 9942 9943)
(environment 2 9961 9980 9961 9980)
(brace 3 9961 9969 9962 9969)
(brace 9 9978 9980 9979 9980)
(brace 8 9979 9981 9980 9981)
(brace 9 9987 9989 9988 9989)
(environment 2 10037 10051 10037 10051)
(brace 3 10037 10045 10038 10045)
(brace 9 10049 10051 10050 10051)
(brace 8 10050 10052 10051 10052)
(brace 9 10060 10062 10061 10062)
(brace 8 10104 10106 10105 10106)
(brace 9 10106 10108 10107 10108)
(brace 8 10115 10117 10116 10117)
(brace 9 10117 10119 10118 10119)
(brace 8 10204 10206 10205 10206)
(brace 9 10206 10208 10207 10208)
(brace 8 10218 10220 10219 10220)
(brace 9 10222 10224 10223 10224)
(brace 8 10242 10244 10243 10244)
(brace 9 10244 10246 10245 10246)
(brace 8 10278 10280 10279 10280)
(brace 9 10280 10282 10281 10282)
(brace 8 10289 10291 10290 10291)
(brace 9 10291 10293 10292 10293)
(brace 8 10315 10317 10316 10317)
(brace 9 10317 10319 10318 10319)
(brace 8 10339 10341 10340 10341)
(brace 9 10341 10343 10342 10343)
(brace 8 10362 10364 10363 10364)
(brace 9 10364 10366 10365 10366)
(brace 8 10402 10404 10403 10404)
(brace 9 10404 10406 10405 10406)
(brace 8 10413 10415 10414 10415)
(brace 9 10415 10417 10416 10417)
(brace 8 10424 10426 10425 10426)
(brace 9 10426 10428 10427 10428)
(environment 3 10451 10463 10451 10463)
(brace 4 10451 10457 10452 10457)
(brace 9 10461 10463 10462 10463)
(environment 3 10465 10482 10465 10482)
(brace 4 10465 10471 10466 10471)
(brace 9 10480 10482 10481 10482)
(label 0 10482 10506 10490 10505)
(brace label 10482 10490 10483 10490)
(brace 9 10504 10506 10505 10506)
(environment 2 10532 10546 10532 10546)
(brace 3 10532 10540 10533 10540)
(brace 9 10544 10546 10545 10546)
(brace 8 10545 10547 10546 10547)
(brace 9 10549 10551 10550 10551)
(brace 8 10566 10568 10567 10568)
(brace 9 10569 10571 10570 10571)
(brace 8 10582 10584 10583 10584)
(brace 9 10585 10587 10586 10587)
(brace 8 10612 10614 10613 10614)
(brace 9 10615 10617 10616 10617)
(brace 8 10628 10630 10629 10630)
(brace 9 10631 10633 10632 10633)
(environment 3 10638 10650 10638 10650)
(brace 4 10638 10644 10639 10644)
(brace 9 10648 10650 10649 10650)
(brace 5 10674 10680 10674 10680)
(brace 9 10687 10689 10688 10689)
(brace 8 10709 10711 10710 10711)
(brace 9 10711 10713 10712 10713)
(brace 8 10712 10714 10713 10714)
(brace 9 10717 10719 10718 10719)
(brace 8 10718 10720 10719 10720)
(brace 9 10723 10725 10724 10725)
(brace 8 10724 10726 10725 10726)
(brace 9 10729 10731 10730 10731)
(brace 8 10754 10756 10755 10756)
(brace 9 10756 10758 10757 10758)
(brace 8 10757 10759 10758 10759)
(brace 9 10762 10764 10763 10764)
(brace 8 10763 10765 10764 10765)
(brace 9 10768 10770 10769 10770)
(label 0 10770 10797 10778 10796)
(brace label 10770 10778 10771 10778)
(brace 9 10795 10797 10796 10797)
(environment 1 10798 10809 10798 10809)
(brace 4 10798 10803 10798 10803)
(brace 9 10807 10809 10808 10809)
(environment 3 10810 10825 10810 10825)
(brace 4 10810 10815 10810 10815)
(brace 9 10823 10825 10824 10825)
(section 0 10838 10880 10850 10879)
(brace 8 10848 10850 10849 10850)
(brace 9 10878 10880 10879 10880)
(comment 0 10882 10883 10882 10883)
(newcommand 0 10900 10922 10912 10921)
(brace 8 10910 10912 10911 10912)
(brace 9 10920 10922 10921 10922)
(brace 8 10921 10923 10922 10923)
(environment 2 10922 10938 10922 10938)
(brace 3 10922 10930 10923 10930)
(brace 9 10936 10938 10937 10938)
(environment 3 10992 11006 10992 11006)
(brace 4 10992 10998 10993 10998)
(brace 9 11004 11006 11005 11006)
(brace 9 11005 11007 11006 11007)
(newcommand 0 11009 11031 11021 11030)
(brace 8 11019 11021 11020 11021)
(brace 9 11029 11031 11030 11031)
(brace 8 11030 11032 11031 11032)
(environment 2 11031 11047 11031 11047)
(brace 3 11031 11039 11032 11039)
(brace 9 11045 11047 11046 11047)
(brace 8 11054 11056 11055 11056)
(brace 9 11056 11058 11057 11058)
(brace 8 11067 11069 11068 11069)
(brace 9 11069 11071 11070 11071)
(brace 8 11121 11123 11122 11123)
(brace 9 11123 11125 11124 11125)
(environment 3 11125 11139 11125 11139)
(brace 4 11125 11131 11126 11131)
(brace 9 11137 11139 11138 11139)
(brace 9 11138 11140 11139 11140)
(newcommand 0 11142 11164 11154 11163)
(brace 8 11152 11154 11153 11154)
(brace 9 11162 11164 11163 11164)
(brace 8 11163 11165 11164 11165)
(environment 2 11164 11180 11164 11180)
(brace 3 11164 11172 11165 11172)
(brace 9 11178 11180 11179 11180)
(brace 8 11187 11189 11188 11189)
(brace 9 11189 11191 11190 11191)
(brace 8 11218 11220 11219 11220)
(brace 9 11220 11222 11221 11222)
(brace 8 11264 11266 11265 11266)
(brace 9 11266 11268 11267 11268)
(environment 3 11273 11287 11273 11287)
(brace 4 11273 11279 11274 11279)
(brace 9 11285 11287 11286 11287)
(brace 9 11286 11288 11287 11288)
(newcommand 0 11290 11312 11302 11311)
(brace 8 11300 11302 11301 11302)
(brace 9 11310 11312 11311 11312)
(brace 8 11311 11313 11312 11313)
(environment 2 11312 11328 11312 11328)
(brace 3 11312 11320 11313 11320)
(brace 9 11326 11328 11327 11328)
(brace 8 11336 11338 11337 11338)
(brace 9 11339 11341 11340 11341)
(brace 8 11350 11352 11351 11352)
(brace 9 11352 11354 11353 11354)
(brace 8 11363 11365 11364 11365)
(brace 9 11365 11367 11366 11367)
(brace 8 11381 11383 11382 11383)
(brace 9 11383 11385 11384 11385)
(brace 8 11395 11397 11396 11397)
(brace 9 11398 11400 11399 11400)
(brace 8 11409 11411 11410 11411)
(brace 9 11411 11413 11412 11413)
(brace 8 11427 11429 11428 11429)
(brace 9 11429 11431 11430 11431)
(brace 8 11440 11442 11441 11442)
(brace 9 11442 11444 11443 11444)
(brace 8 11454 11456 11455 11456)
(brace 9 11457 11459 11458 11459)
(environment 3 11464 11478 11464 11478)
(brace 4 11464 11470 11465 11470)
(brace 9 11476 11478 11477 11478)
(brace 9 11477 11479 11478 11479)
(environment 0 11496 11509 11496 11509)
(brace 3 11496 11503 11496 11503)
(brace 9 11507 11509 11508 11509)
(brace 8 11532 11534 11533 11534)
(brace 9 11536 11538 11537 11538)
(brace 8 11547 11549 11548 11549)
(brace 9 11551 11553 11552 11553)
(brace 5 11554 11561 11555 11561)
(brace 9 11567 11569 11568 11569)
(brace 8 11579 11581 11580 11581)
(brace 9 11583 11585 11584 11585)
(brace 8 11593 11595 11594 11595)
(brace 9 11595 11597 11596 11597)
(brace 8 11608 11610 11609 11610)
(brace 9 11611 11613 11612 11613)
(brace 8 11613 11615 11614 11615)
(brace 9 11616 11618 11617 11618)
(brace 8 11627 11629 11628 11629)
(brace 9 11630 11632 11631 11632)
(brace 8 11687 11689 11688 11689)
(brace 9 11691 11693 11692 11693)
(brace 8 11705 11707 11706 11707)
(brace 9 11708 11710 11709 11710)
(brace 8 11710 11712 11711 11712)
(brace 9 11713 11715 11714 11715)
(environment 2 11737 11751 11737 11751)
(brace 3 11737 11745 11738 11745)
(brace 9 11749 11751 11750 11751)
(brace 8 11750 11752 11751 11752)
(brace 9 11754 11756 11755 11756)
(brace 8 11770 11772 11771 11772)
(brace 9 11779 11781 11780 11781)
(brace 8 11791 11793 11792 11793)
(brace 9 11800 11802 11801 11802)
(brace 8 11826 11828 11827 11828)
(brace 9 11835 11837 11836 11837)
(brace 8 11847 11849 11848 11849)
(brace 9 11856 11858 11857 11858)
(environment 3 11863 11875 11863 11875)
(brace 4 11863 11869 11864 11869)
(brace 9 11873 11875 11874 11875)
(environment 1 11887 11898 11887 11898)
(brace 4 11887 11892 11887 11892)
(brace 9 11896 11898 11897 11898)
(section 0 11902 11936 11917 11935)
(brace 8 11915 11917 11916 11917)
(inline-math 0 11925 11926 11925 11926)
(brace 8 11930 11932 11931 11932)
(brace 9 11934 11936 11935 11936)
(inline-math 0 11936 11937 11936 11937)
(inline-math 0 11951 11952 11951 11952)
(brace 9 11955 11957 11956 11957)
(inline-math 0 11955 11956 11955 11956)
(environment 0 11959 11972 11959 11972)
(brace 3 11959 11966 11959 11966)
(brace 9 11970 11972 11971 11972)
(brace 8 11986 11988 11987 11988)
(brace 9 11988 11990 11989 11990)
(brace 8 11990 11992 11991 11992)
(brace 9 12001 12003 12002 12003)
(brace 5 12002 12009 12003 12009)
(brace 9 12016 12018 12017 12018)
(brace 8 12049 12051 12050 12051)
(brace 9 12053 12055 12054 12055)
(brace 8 12096 12098 12097 12098)
(brace 9 12098 12100 12099 12100)
(brace 8 12099 12101 12100 12101)
(brace 9 12106 12108 12107 12108)
(brace 8 12107 12109 12108 12109)
(brace 9 12114 12116 12115 12116)
(brace 5 12116 12123 12117 12123)
(brace 9 12131 12133 12132 12133)
(brace 8 12164 12166 12165 12166)
(brace 9 12185 12187 12186 12187)
(brace 8 12186 12188 12187 12188)
(brace 9 12188 12190 12189 12190)
(brace 8 12206 12208 12207 12208)
(brace 9 12252 12254 12253 12254)
(brace 8 12253 12255 12254 12255)
(brace 9 12255 12257 12256 12257)
(brace 8 12303 12305 12304 12305)
(brace 9 12307 12309 12308 12309)
(brace 8 12323 12325 12324 12325)
(brace 9 12326 12328 12327 12328)
(brace 8 12328 12330 12329 12330)
(brace 9 12331 12333 12332 12333)
(brace 8 12344 12346 12345 12346)
(brace 9 12347 12349 12348 12349)
(environment 1 12353 12364 12353 12364)
(brace 4 12353 12358 12353 12358)
(brace 9 12362 12364 12363 12364)
(environment 0 12407 12420 12407 12420)
(brace 3 12407 12414 12407 12414)
(brace 9 12418 12420 12419 12420)
(brace 8 12428 12430 12429 12430)
(brace 8 12453 12455 12454 12455)
(brace 9 12460 12462 12461 12462)
(brace 9 12462 12464 12463 12464)
(label 0 12464 12482 12472 12481)
(brace label 12464 12472 12465 12472)
(brace 9 12480 12482 12481 12482)
(brace 8 12492 12494 12493 12494)
(brace 8 12518 12520 12519 12520)
(brace 9 12525 12527 12526 12527)
(brace 9 12527 12529 12528 12529)
(brace 8 12538 12540 12539 12540)
(brace 8 12573 12575 12574 12575)
(brace 9 12582 12584 12583 12584)
(brace 8 12616 12618 12617 12618)
(brace 9 12622 12624 12623 12624)
(brace 8 12628 12630 12629 12630)
(brace 9 12634 12636 12635 12636)
(brace 9 12637 12639 12638 12639)
(brace 8 12648 12650 12649 12650)
(brace 8 12685 12687 12686 12687)
(brace 9 12694 12696 12695 12696)
(brace 8 12730 12732 12731 12732)
(brace 9 12736 12738 12737 12738)
(brace 8 12742 12744 12743 12744)
(brace 9 12748 12750 12749 12750)
(brace 9 12752 12754 12753 12754)
(brace 8 12763 12765 12764 12765)
(brace 8 12802 12804 12803 12804)
(brace 9 12811 12813 12812 12813)
(brace 8 12820 12822 12821 12822)
(brace 9 12826 12828 12827 12828)
(brace 8 12832 12834 12833 12834)
(brace 9 12838 12840 12839 12840)
(brace 9 12857 12859 12858 12859)
(label 0 12858 12876 12866 12875)
(brace label 12858 12866 12859 12866)
(brace 9 12874 12876 12875 12876)
(environment 1 12877 12888 12877 12888)
(brace 4 12877 12882 12877 12882)
(brace 9 12886 12888 12887 12888)
(comment 0 12902 12903 12902 12903)
(brace 8 12916 12918 12917 12918)
(brace 9 13011 13013 13012 13013)
(inline-math 0 13061 13062 13061 13062)
(inline-math 0 13066 13067 13066 13067)
(inline-math 0 13072 13073 13072 13073)
(inline-math 0 13077 13078 13077 13078)
(inline-math 0 13105 13106 13105 13106)
(inline-math 0 13110 13111 13110 13111)
(inline-math 0 13172 13173 13172 13173)
(brace 8 13176 13178 13177 13178)
(brace 9 13184 13186 13185 13186)
(brace 8 13210 13212 13211 13212)
(brace 9 13212 13214 13213 13214)
(brace 8 13218 13220 13219 13220)
(brace 9 13222 13224 13223 13224)
(brace 8 13236 13238 13237 13238)
(brace 9 13242 13244 13243 13244)
(brace 8 13251 13253 13252 13253)
(brace 9 13258 13260 13259 13260)
(inline-math 0 13272 13273 13272 13273)
(environment 0 13330 13343 13330 13343)
(brace 3 13330 13337 13330 13337)
(brace 9 13341 13343 13342 13343)
(environment 1 13378 13389 13378 13389)
(brace 4 13378 13383 13378 13383)
(brace 9 13387 13389 13388 13389)
(brace 1 13498 13504 13499 13504)
(brace 9 13515 13517 13516 13517)
(brace 1 13582 13588 13583 13588)
(brace 9 13593 13595 13594 13595)
(section 0 13598 13623 13610 13622)
(brace 8 13608 13610 13609 13610)
(brace 9 13621 13623 13622 13623)
(label 0 13623 13644 13631 13643)
(brace label 13623 13631 13624 13631)
(brace 9 13642 13644 13643 13644)
(brace 1 13656 13662 13657 13662)
(brace 9 13676 13678 13677 13678)
(environment 0 13701 13714 13701 13714)
(brace 3 13701 13708 13701 13708)
(brace 9 13712 13714 13713 13714)
(brace 8 13737 13739 13738 13739)
(brace 9 13740 13742 13741 13742)
(environment 2 13757 13771 13757 13771)
(brace 3 13757 13765 13758 13765)
(brace 9 13769 13771 13770 13771)
(brace 8 13770 13772 13771 13772)
(brace 9 13774 13776 13775 13776)
(brace 8 13790 13792 13791 13792)
(brace 9 13793 13795 13794 13795)
(brace 8 13805 13807 13806 13807)
(brace 9 13808 13810 13809 13810)
(brace 8 13834 13836 13835 13836)
(brace 9 13837 13839 13838 13839)
(brace 8 13849 13851 13850 13851)
(brace 9 13852 13854 13853 13854)
(environment 3 13859 13871 13859 13871)
(brace 4 13859 13865 13860 13865)
(brace 9 13869 13871 13870 13871)
(environment 1 13883 13894 13883 13894)
(brace 4 13883 13888 13883 13888)
(brace 9 13892 13894 13893 13894)
(inline-math 0 13902 13903 13902 13903)
(inline-math 0 13905 13906 13905 13906)
(inline-math 0 13911 13912 13911 13912)
(inline-math 0 13914 13915 13914 13915)
(brace 1 13933 13939 13934 13939)
(brace 9 13956 13958 13957 13958)
(inline-math 0 14142 14143 14142 14143)
(brace 8 14150 14152 14151 14152)
(brace 9 14153 14155 14154 14155)
(inline-math 0 14155 14156 14155 14156)
(inline-math 0 14220 14221 14220 14221)
(inline-math 0 14230 14231 14230 14231)
(environment 0 14361 14374 14361 14374)
(brace 3 14361 14368 14361 14368)
(brace 9 14372 14374 14373 14374)
(brace 8 14405 14407 14406 14407)
(brace 9 14408 14410 14409 14410)
(brace 8 14410 14412 14411 14412)
(brace 9 14413 14415 14414 14415)
(environment 2 14432 14446 14432 14446)
(brace 3 14432 14440 14433 14440)
(brace 9 14444 14446 14445 14446)
(brace 8 14445 14447 14446 14447)
(brace 9 14450 14452 14451 14452)
(brace 8 14468 14470 14469 14470)
(brace 9 14475 14477 14476 14477)
(brace 8 14489 14491 14490 14491)
(brace 9 14496 14498 14497 14498)
(brace 8 14510 14512 14511 14512)
(brace 9 14517 14519 14518 14519)
(brace 8 14538 14540 14539 14540)
(brace 9 14545 14547 14546 14547)
(brace 8 14559 14561 14560 14561)
(brace 9 14566 14568 14567 14568)
(brace 8 14580 14582 14581 14582)
(brace 9 14587 14589 14588 14589)
(brace 8 14619 14621 14620 14621)
(brace 9 14626 14628 14627 14628)
(brace 8 14640 14642 14641 14642)
(brace 9 14647 14649 14648 14649)
(brace 8 14661 14663 14662 14663)
(brace 9 14668 14670 14669 14670)
(environment 3 14675 14687 14675 14687)
(brace 4 14675 14681 14676 14681)
(brace 9 14685 14687 14686 14687)
(environment 1 14699 14710 14699 14710)
(brace 4 14699 14704 14699 14704)
(brace 9 14708 14710 14709 14710)
(brace 8 14769 14771 14770 14771)
(brace 9 14812 14814 14813 14814)
(inline-math 0 14817 14818 14817 14818)
(inline-math 0 14834 14835 14834 14835)
(environment 0 14884 14897 14884 14897)
(brace 3 14884 14891 14884 14891)
(brace 9 14895 14897 14896 14897)
(brace 8 14944 14946 14945 14946)
(brace 9 14948 14950 14949 14950)
(brace 8 15009 15011 15010 15011)
(brace 9 15017 15019 15018 15019)
(brace 8 15067 15069 15068 15069)
(brace 9 15070 15072 15071 15072)
(environment 2 15078 15092 15078 15092)
(brace 3 15078 15086 15079 15086)
(brace 9 15090 15092 15091 15092)
(brace 8 15091 15093 15092 15093)
(brace 9 15094 15096 15095 15096)
(brace 8 15161 15163 15162 15163)
(brace 9 15168 15170 15169 15170)
(brace 8 15294 15296 15295 15296)
(brace 9 15301 15303 15302 15303)
(environment 3 15356 15367 15356 15367)
(brace 4 15356 15361 15356 15361)
(brace 9 15365 15367 15366 15367)
(brace 8 15390 15392 15391 15392)
(brace 9 15392 15394 15393 15394)
(brace 8 15393 15395 15394 15395)
(brace 9 15398 15400 15399 15400)
(brace 8 15399 15401 15400 15401)
(brace 9 15404 15406 15405 15406)
(brace 8 15417 15419 15418 15419)
(brace 9 15419 15421 15420 15421)
(brace 8 15420 15422 15421 15422)
(brace 8 15426 15428 15427 15428)
(brace 9 15430 15432 15431 15432)
(brace 9 15431 15433 15432 15433)
(brace 8 15433 15435 15434 15435)
(brace 8 15439 15441 15440 15441)
(brace 9 15443 15445 15444 15445)
(brace 9 15444 15446 15445 15446)
(environment 1 15458 15469 15458 15469)
(brace 4 15458 15463 15458 15463)
(brace 9 15467 15469 15468 15469)
(inline-math 0 15477 15478 15477 15478)
(brace 8 15482 15484 15483 15484)
(brace 9 15486 15488 15487 15488)
(inline-math 0 15488 15489 15488 15489)
(section 0 15547 15566 15559 15565)
(brace 8 15557 15559 15558 15559)
(brace 9 15564 15566 15565 15566)
(label 0 15566 15581 15574 15580)
(brace label 15566 15574 15567 15574)
(brace 9 15579 15581 15580 15581)
(environment 0 15644 15657 15644 15657)
(brace 3 15644 15651 15644 15651)
(brace 9 15655 15657 15656 15657)
(brace 8 15771 15773 15772 15773)
(brace 9 15791 15793 15792 15793)
(brace 8 15792 15794 15793 15794)
(brace 9 15806 15808 15807 15808)
(brace 8 15849 15851 15850 15851)
(brace 9 15884 15886 15885 15886)
(brace 8 15885 15887 15886 15887)
(brace 9 15899 15901 15900 15901)
(brace 8 15956 15958 15957 15958)
(brace 9 15991 15993 15992 15993)
(brace 8 15992 15994 15993 15994)
(brace 9 16006 16008 16007 16008)
(brace 8 16053 16055 16054 16055)
(brace 9 16079 16081 16080 16081)
(brace 8 16080 16082 16081 16082)
(brace 9 16094 16096 16095 16096)
(label 0 16155 16171 16163 16170)
(brace label 16155 16163 16156 16163)
(brace 9 16169 16171 16170 16171)
(brace 8 16197 16199 16198 16199)
(brace 9 16223 16225 16224 16225)
(brace 8 16224 16226 16225 16226)
(brace 9 16238 16240 16239 16240)
(brace 8 16332 16334 16333 16334)
(brace 9 16358 16360 16359 16360)
(brace 8 16359 16361 16360 16361)
(brace 9 16373 16375 16374 16375)
(brace 8 16447 16449 16448 16449)
(brace 9 16473 16475 16474 16475)
(brace 8 16474 16476 16475 16476)
(brace 9 16488 16490 16489 16490)
(brace 8 16610 16612 16611 16612)
(brace 9 16636 16638 16637 16638)
(brace 8 16637 16639 16638 16639)
(brace 9 16651 16653 16652 16653)
(brace 8 16735 16737 16736 16737)
(brace 9 16755 16757 16756 16757)
(brace 8 16756 16758 16757 16758)
(brace 9 16770 16772 16771 16772)
(environment 1 17021 17032 17021 17032)
(brace 4 17021 17026 17021 17026)
(brace 9 17030 17032 17031 17032)
(brace 1 17046 17052 17047 17052)
(brace 9 17058 17060 17059 17060)
(brace 8 17188 17190 17189 17190)
(inline-math 0 17198 17199 17198 17199)
(inline-math 0 17206 17207 17206 17207)
(brace 9 17275 17277 17276 17277)
(inline-math 0 17379 17380 17379 17380)
(inline-math 0 17384 17385 17384 17385)
(inline-math 0 17390 17391 17390 17391)
(inline-math 0 17395 17396 17395 17396)
(inline-math 0 17416 17417 17416 17417)
(inline-math 0 17420 17421 17420 17421)
(inline-math 0 17426 17427 17426 17427)
(inline-math 0 17428 17429 17428 17429)
(environment 0 17506 17519 17506 17519)
(brace 3 17506 17513 17506 17513)
(brace 9 17517 17519 17518 17519)
(label 0 17685 17700 17693 17699)
(brace label 17685 17693 17686 17693)
(brace 9 17698 17700 17699 17700)
(environment 1 17701 17712 17701 17712)
(brace 4 17701 17706 17701 17706)
(brace 9 17710 17712 17711 17712)
(newcommand 0 17715 17734 17727 17733)
(brace 8 17725 17727 17726 17727)
(brace 9 17732 17734 17733 17734)
(brace 8 17733 17735 17734 17735)
(brace 8 17741 17743 17742 17743)
(brace 5 17744 17751 17745 17751)
(brace 9 17760 17762 17761 17762)
(brace 9 17761 17763 17762 17763)
(brace 9 17762 17764 17763 17764)
(newcommand 0 17765 17786 17777 17785)
(brace 8 17775 17777 17776 17777)
(brace 9 17784 17786 17785 17786)
(brace 8 17785 17787 17786 17787)
(brace 8 17790 17792 17791 17792)
(brace 9 17796 17798 17797 17798)
(brace 8 17798 17800 17799 17800)
(brace 5 17802 17809 17803 17809)
(brace 9 17818 17820 17819 17820)
(brace 9 17819 17821 17820 17821)
(brace 9 17820 17822 17821 17822)
(inline-math 0 17871 17872 17871 17872)
(brace 8 17876 17878 17877 17878)
(brace 9 17878 17880 17879 17880)
(inline-math 0 17902 17903 17902 17903)
(inline-math 0 17921 17922 17921 17922)
(inline-math 0 17928 17929 17928 17929)
(inline-math 0 17934 17935 17934 17935)
(inline-math 0 17943 17944 17943 17944)
(environment 0 17956 17969 17956 17969)
(brace 3 17956 17963 17956 17963)
(brace 9 17967 17969 17968 17969)
(brace 8 18007 18009 18008 18009)
(brace 9 18009 18011 18010 18011)
(environment 1 18012 18023 18012 18023)
(brace 4 18012 18017 18012 18017)
(brace 9 18021 18023 18022 18023)
(inline-math 0 18094 18095 18094 18095)
(inline-math 0 18101 18102 18101 18102)
(inline-math 0 18117 18118 18117 18118)
(inline-math 0 18126 18127 18126 18127)
(inline-math 0 18171 18172 18171 18172)
(inline-math 0 18180 18181 18180 18181)
(newcommand 0 18203 18228 18215 18227)
(brace 8 18213 18215 18214 18215)
(brace 9 18226 18228 18227 18228)
(brace 8 18227 18229 18228 18229)
(brace 8 18234 18236 18235 18236)
(brace 9 18236 18238 18237 18238)
(brace 8 18237 18239 18238 18239)
(brace 8 18243 18245 18244 18245)
(brace 9 18245 18247 18246 18247)
(brace 9 18246 18248 18247 18248)
(environment 2 18255 18269 18255 18269)
(brace 3 18255 18263 18256 18263)
(brace 9 18267 18269 18268 18269)
(brace 8 18268 18270 18269 18270)
(brace 9 18272 18274 18273 18274)
(brace 8 18279 18281 18280 18281)
(brace 5 18281 18288 18282 18288)
(brace 9 18291 18293 18292 18293)
(brace 9 18297 18299 18298 18299)
(brace 8 18306 18308 18307 18308)
(brace 9 18308 18310 18309 18310)
(environment 3 18311 18323 18311 18323)
(brace 4 18311 18317 18312 18317)
(brace 9 18321 18323 18322 18323)
(brace 9 18330 18332 18331 18332)
(newcommand 0 18334 18358 18346 18357)
(brace 8 18344 18346 18345 18346)
(brace 9 18356 18358 18357 18358)
(brace 8 18357 18359 18358 18359)
(brace 5 18359 18366 18360 18366)
(brace 9 18373 18375 18374 18375)
(brace 8 18386 18388 18387 18388)
(brace 9 18388 18390 18389 18390)
(brace 8 18389 18391 18390 18391)
(brace 9 18391 18393 18392 18393)
(brace 5 18393 18400 18394 18400)
(brace 9 18403 18405 18404 18405)
(brace 9 18408 18410 18409 18410)
(environment 0 18415 18428 18415 18428)
(brace 3 18415 18422 18415 18422)
(brace 9 18426 18428 18427 18428)
(brace 8 18437 18439 18438 18439)
(brace 9 18472 18474 18473 18474)
(brace 8 18485 18487 18486 18487)
(label 0 18519 18536 18527 18535)
(brace label 18519 18527 18520 18527)
(brace 9 18534 18536 18535 18536)
(brace 9 18535 18537 18536 18537)
(environment 1 18538 18549 18538 18549)
(brace 4 18538 18543 18538 18543)
(brace 9 18547 18549 18548 18549)
(inline-math 0 18558 18559 18558 18559)
(inline-math 0 18561 18562 18561 18562)
(brace 1 18570 18576 18571 18576)
(brace 9 18583 18585 18584 18585)
(inline-math 0 18589 18590 18589 18590)
(inline-math 0 18608 18609 18608 18609)
(section 0 18613 18631 18625 18630)
(brace 8 18623 18625 18624 18625)
(brace 9 18629 18631 18630 18631)
(environment 0 18675 18688 18675 18688)
(brace 3 18675 18682 18675 18682)
(brace 9 18686 18688 18687 18688)
(brace 5 18727 18734 18728 18734)
(brace 1 18738 18744 18739 18744)
(brace 9 18749 18751 18750 18751)
(brace 9 18751 18753 18752 18753)
(brace 8 18860 18862 18861 18862)
(brace 9 18862 18864 18863 18864)
(brace 8 18863 18865 18864 18865)
(brace 9 18865 18867 18866 18867)
(environment 2 18874 18888 18874 18888)
(brace 3 18874 18882 18875 18882)
(brace 9 18886 18888 18887 18888)
(brace 8 18887 18889 18888 18889)
(brace 9 18891 18893 18892 18893)
(brace 5 18894 18901 18895 18901)
(brace 9 18904 18906 18905 18906)
(brace 8 18915 18917 18916 18917)
(brace 8 18921 18923 18922 18923)
(brace 9 18923 18925 18924 18925)
(brace 8 18924 18926 18925 18926)
(brace 9 18926 18928 18927 18928)
(brace 9 18927 18929 18928 18929)
(brace 8 18936 18938 18937 18938)
(brace 9 18938 18940 18939 18940)
(environment 3 18941 18953 18941 18953)
(brace 4 18941 18947 18942 18947)
(brace 9 18951 18953 18952 18953)
(environment 2 18968 18982 18968 18982)
(brace 3 18968 18976 18969 18976)
(brace 9 18980 18982 18981 18982)
(brace 8 18981 18983 18982 18983)
(brace 9 18983 18985 18984 18985)
(brace 5 18986 18993 18987 18993)
(brace 9 18996 18998 18997 18998)
(brace 8 19007 19009 19008 19009)
(brace 8 19013 19015 19014 19015)
(brace 9 19015 19017 19016 19017)
(brace 8 19016 19018 19017 19018)
(brace 9 19018 19020 19019 19020)
(brace 9 19019 19021 19020 19021)
(brace 8 19029 19031 19030 19031)
(brace 9 19031 19033 19032 19033)
(environment 3 19034 19046 19034 19046)
(brace 4 19034 19040 19035 19040)
(brace 9 19044 19046 19045 19046)
(brace 8 19094 19096 19095 19096)
(brace 9 19096 19098 19097 19098)
(brace 8 19097 19099 19098 19099)
(brace 9 19099 19101 19100 19101)
(brace 5 19101 19108 19102 19108)
(brace 9 19111 19113 19112 19113)
(brace 5 19150 19157 19151 19157)
(brace 9 19160 19162 19161 19162)
(brace 5 19168 19175 19169 19175)
(brace 9 19182 19184 19183 19184)
(environment 1 19213 19224 19213 19224)
(brace 4 19213 19218 19213 19218)
(brace 9 19222 19224 19223 19224)
(section 0 19227 19247 19239 19246)
(brace 8 19237 19239 19238 19239)
(brace 9 19245 19247 19246 19247)
(inline-math 0 19248 19249 19248 19249)
(inline-math 0 19298 19299 19298 19299)
(environment 0 19301 19314 19301 19314)
(brace 3 19301 19308 19301 19308)
(brace 9 19312 19314 19313 19314)
(brace 8 19361 19363 19362 19363)
(brace 9 19363 19365 19364 19365)
(brace 8 19364 19366 19365 19366)
(brace 9 19366 19368 19367 19368)
(environment 1 19387 19398 19387 19398)
(brace 4 19387 19392 19387 19392)
(brace 9 19396 19398 19397 19398)
(environment 0 19400 19413 19400 19413)
(brace 3 19400 19407 19400 19407)
(brace 9 19411 19413 19412 19413)
(brace 8 19460 19462 19461 19462)
(brace 9 19462 19464 19463 19464)
(brace 8 19463 19465 19464 19465)
(brace 8 19469 19471 19470 19471)
(brace 9 19471 19473 19472 19473)
(brace 9 19472 19474 19473 19474)
(environment 2 19482 19496 19482 19496)
(brace 3 19482 19490 19483 19490)
(brace 9 19494 19496 19495 19496)
(brace 8 19495 19497 19496 19497)
(brace 9 19498 19500 19499 19500)
(brace 8 19505 19507 19506 19507)
(brace 9 19509 19511 19510 19511)
(environment 3 19582 19594 19582 19594)
(brace 4 19582 19588 19583 19588)
(brace 9 19592 19594 19593 19594)
(environment 1 19671 19682 19671 19682)
(brace 4 19671 19676 19671 19676)
(brace 9 19680 19682 19681 19682)
(environment 0 19684 19697 19684 19697)
(brace 3 19684 19691 19684 19691)
(brace 9 19695 19697 19696 19697)
(brace 8 19753 19755 19754 19755)
(brace 9 19755 19757 19756 19757)
(brace 8 19756 19758 19757 19758)
(brace 9 19758 19760 19759 19760)
(environment 2 19768 19782 19768 19782)
(brace 3 19768 19776 19769 19776)
(brace 9 19780 19782 19781 19782)
(brace 8 19781 19783 19782 19783)
(brace 9 19784 19786 19785 19786)
(brace 8 19791 19793 19792 19793)
(brace 9 19795 19797 19796 19797)
(environment 3 19868 19880 19868 19880)
(brace 4 19868 19874 19869 19874)
(brace 9 19878 19880 19879 19880)
(environment 2 20022 20036 20022 20036)
(brace 3 20022 20030 20023 20030)
(brace 9 20034 20036 20035 20036)
(brace 8 20035 20037 20036 20037)
(brace 9 20037 20039 20038 20039)
(brace 8 20115 20117 20116 20117)
(brace 9 20119 20121 20120 20121)
(environment 3 20269 20281 20269 20281)
(brace 4 20269 20275 20270 20275)
(brace 9 20279 20281 20280 20281)
(brace 8 20298 20300 20299 20300)
(brace 9 20300 20302 20301 20302)
(brace 8 20301 20303 20302 20303)
(brace 9 20303 20305 20304 20305)
(environment 1 20346 20357 20346 20357)
(brace 4 20346 20351 20346 20351)
(brace 9 20355 20357 20356 20357)
