"063061adec79cb9b0a19391de64128d4"
"644187edc80741fc27bdfbe6dff2bd0d"
(comment 0 1 2 1 2)
(comment 0 2 3 2 3)
(comment 0 26 27 26 27)
(comment 0 28 29 28 29)
(comment 0 75 76 75 76)
(comment 0 77 78 77 78)
(comment 0 131 132 131 132)
(comment 0 198 199 198 199)
(preamble 0 199 234 200 234)
(0 0 199 234 224 233)
(brace 6 199 224 200 224)
(brace 9 232 234 233 234)
(comment 0 235 236 235 236)
(comment 0 308 309 308 309)
(0 0 354 379 369 378)
(preamble 0 354 379 354 379)
(brace 6 354 369 354 369)
(brace 9 377 379 378 379)
(comment 0 381 382 381 382)
(1 0 410 431 422 430)
(brace 0 410 422 410 422)
(brace 9 429 431 430 431)
(1 0 432 459 450 458)
(brace 8 448 450 449 450)
(brace 9 457 459 458 459)
(1 0 460 482 472 481)
(brace 0 460 472 460 472)
(brace 9 480 482 481 482)
(1 0 483 505 495 504)
(brace 0 483 495 483 495)
(brace 9 503 505 504 505)
(1 0 506 527 518 526)
(brace 0 506 518 506 518)
(brace 9 525 527 526 527)
(1 0 528 549 540 548)
(brace 0 528 540 528 540)
(brace 9 547 549 548 549)
(brace 8 560 562 561 562)
(brace 9 572 574 573 574)
(newcommand 0 575 591 587 590)
(brace 8 585 587 586 587)
(brace 9 589 591 590 591)
(brace 8 590 592 591 592)
(brace 8 607 609 608 609)
(brace 9 622 624 623 624)
(brace 9 623 625 624 625)
(newcommand 0 626 643 638 642)
(brace 8 636 638 637 638)
(brace 9 641 643 642 643)
(brace 8 642 644 643 644)
(brace 8 659 661 660 661)
(brace 9 675 677 676 677)
(brace 9 676 678 677 678)
(comment 0 685 686 685 686)
(comment 0 749 750 749 750)
(comment 0 821 822 821 822)
(comment 0 883 884 883 884)
(comment 0 949 950 949 950)
(brace 8 958 960 959 960)
(brace 8 979 981 980 981)
(brace 9 983 985 984 985)
(brace 9 1001 1003 1002 1003)
(comment 0 1004 1005 1004 1005)
(comment 0 1012 1013 1012 1013)
(comment 0 1082 1083 1082 1083)
(comment 0 1139 1140 1139 1140)
(1 0 1140 1165 1153 1164)
(brace 0 1140 1153 1141 1153)
(brace 9 1163 1165 1164 1165)
(newtheorem 0 1167 1187 1179 1186)
(brace 8 1177 1179 1178 1179)
(brace 9 1185 1187 1186 1187)
(brace 8 1186 1188 1187 1188)
(brace 9 1196 1198 1197 1198)
(brace 8 1212 1214 1213 1214)
(brace 9 1223 1225 1224 1225)
(brace 8 1238 1240 1239 1240)
(brace 9 1252 1254 1253 1254)
(brace 8 1266 1268 1267 1268)
(brace 9 1276 1278 1277 1278)
(preamble 1 1280 1296 1280 1296)
(environment 2 1280 1296 1280 1296)
(brace 3 1280 1287 1280 1287)
(brace 9 1294 1296 1295 1296)
(brace 8 1303 1305 1304 1305)
(brace 9 1317 1319 1318 1319)
(comment 0 1332 1333 1332 1333)
(comment 0 1404 1405 1404 1405)
(brace 8 1443 1445 1444 1445)
(brace 9 1452 1454 1453 1454)
(environment 2 1456 1475 1456 1475)
(brace 3 1456 1463 1456 1463)
(brace 9 1473 1475 1474 1475)
(environment 2 1477 1495 1477 1495)
(brace 3 1477 1484 1477 1484)
(brace 9 1493 1495 1494 1495)
(environment 2 1507 1521 1507 1521)
(brace 3 1507 1514 1507 1514)
(brace 9 1519 1521 1520 1521)
(brace 8 1550 1552 1551 1552)
(brace 9 1555 1557 1556 1557)
(environment 3 1680 1692 1680 1692)
(brace 4 1680 1685 1680 1685)
(brace 9 1690 1692 1691 1692)
(environment 3 1704 1720 1704 1720)
(brace 4 1704 1709 1704 1709)
(brace 9 1718 1720 1719 1720)
(comment 0 1722 1723 1722 1723)
(comment 0 1796 1797 1796 1797)
(environment 2 1884 1908 1884 1908)
(brace 3 1884 1891 1884 1891)
(brace 9 1906 1908 1907 1908)
(environment 3 2207 2229 2207 2229)
(brace 4 2207 2212 2207 2212)
(brace 9 2227 2229 2228 2229)
(environment 3 2231 2248 2231 2248)
(brace 4 2231 2236 2231 2236)
(brace 9 2246 2248 2247 2248)
(brace 8 2259 2261 2260 2261)
(brace 9 2268 2270 2269 2270)
(comment 0 2272 2273 2272 2273)
(brace 8 2289 2291 2290 2291)
(brace 9 2300 2302 2301 2302)
(brace 8 2311 2313 2312 2313)
(brace 9 2317 2319 2318 2319)
(brace 8 2327 2329 2328 2329)
(brace 9 2333 2335 2334 2335)
(brace 8 2343 2345 2344 2345)
(brace 9 2349 2351 2350 2351)
(brace 8 2359 2361 2360 2361)
(brace 9 2365 2367 2366 2367)
(comment 0 2370 2371 2370 2371)
(environment 3 2403 2417 2403 2417)
(brace 4 2403 2408 2403 2408)
(brace 9 2415 2417 2416 2417)
