"8caa59b5200a2779fae2b3da0402ef02"
"1f62ab6ad84ea03c1f257dce43aebab0"
(section 0 1 38 37 10)
(brace 8 8 10 9 10)
(brace 9 36 38 37 38)
(brace 2 182 189 183 189)
(brace 9 207 209 208 209)
(brace 2 234 241 235 241)
(brace 9 263 265 264 265)
(brace 2 303 310 304 310)
(brace 9 330 332 331 332)
(section 0 345 378 377 354)
(brace 8 352 354 353 354)
(brace 9 376 378 377 378)
(inline-math 0 492 493 492 493)
(inline-math 0 496 497 496 497)
(section 0 566 604 582 603)
(brace 8 576 578 577 578)
(brace 9 602 604 603 604)
(section 0 606 636 621 635)
(brace 8 619 621 620 621)
(brace 9 634 636 635 636)
(inline-math 0 771 772 771 772)
(inline-math 0 785 786 785 786)
(brace 8 820 822 821 822)
(brace 9 836 838 837 838)
(brace 8 862 864 863 864)
(brace 9 877 879 878 879)
(brace 8 934 936 935 936)
(brace 9 950 952 951 952)
(brace 8 973 975 974 975)
(brace 9 988 990 989 990)
(inline-math 0 1014 1015 1014 1015)
(inline-math 0 1026 1027 1026 1027)
(section 0 1057 1089 1072 1088)
(brace 8 1070 1072 1071 1072)
(brace 9 1087 1089 1088 1089)
(inline-math 0 1143 1144 1143 1144)
(inline-math 0 1147 1148 1147 1148)
(inline-math 0 1152 1153 1152 1153)
(inline-math 0 1159 1160 1159 1160)
(inline-math 0 1315 1316 1315 1316)
(inline-math 0 1327 1328 1327 1328)
(section 0 1425 1469 1440 1468)
(brace 8 1438 1440 1439 1440)
(brace 9 1467 1469 1468 1469)
(inline-math 0 1492 1493 1492 1493)
(inline-math 0 1495 1496 1495 1496)
(inline-math 0 1504 1505 1504 1505)
(inline-math 0 1508 1509 1508 1509)
(inline-math 0 1519 1520 1519 1520)
(inline-math 0 1532 1533 1532 1533)
(section 0 1625 1677 1640 1676)
(brace 8 1638 1640 1639 1640)
(brace 9 1675 1677 1676 1677)
(inline-math 0 1701 1702 1701 1702)
(inline-math 0 1704 1705 1704 1705)
(inline-math 0 1713 1714 1713 1714)
(inline-math 0 1717 1718 1717 1718)
(inline-math 0 1734 1735 1734 1735)
(inline-math 0 1738 1739 1738 1739)
(inline-math 0 1743 1744 1743 1744)
(inline-math 0 1752 1753 1752 1753)
(inline-math 0 1834 1835 1834 1835)
(inline-math 0 1846 1847 1846 1847)
(inline-math 0 1925 1926 1925 1926)
(inline-math 0 1936 1937 1936 1937)
(inline-math 0 1956 1957 1956 1957)
(inline-math 0 1961 1962 1961 1962)
(inline-math 0 2012 2013 2012 2013)
(comment 0 2018 2019 2018 2019)
(inline-math 0 2019 2020 2019 2020)
(section 0 2044 2077 2056 2076)
(brace 8 2054 2056 2055 2056)
(brace 9 2075 2077 2076 2077)
(inline-math 0 2538 2539 2538 2539)
(inline-math 0 2542 2543 2542 2543)
(section 0 2739 2797 2751 2796)
(brace 8 2749 2751 2750 2751)
(brace 9 2795 2797 2796 2797)
(section 0 2907 2941 2922 2940)
(brace 8 2920 2922 2921 2922)
(brace 9 2939 2941 2940 2941)
(environment 2 3065 3084 3065 3084)
(brace 3 3065 3072 3065 3072)
(brace 9 3082 3084 3083 3084)
(brace 8 3206 3208 3207 3208)
(brace 9 3228 3230 3229 3230)
(brace 2 3248 3255 3249 3255)
(brace 9 3273 3275 3274 3275)
(brace 2 3448 3455 3449 3455)
(brace 9 3466 3468 3467 3468)
(brace 2 3479 3486 3480 3486)
(brace 9 3497 3499 3498 3499)
(brace 2 3526 3533 3527 3533)
(brace 9 3546 3548 3547 3548)
(brace 8 3560 3562 3561 3562)
(brace 9 3585 3587 3586 3587)
(brace 2 3766 3773 3767 3773)
(brace 9 3784 3786 3785 3786)
(brace 2 3845 3852 3846 3852)
(brace 9 3872 3874 3873 3874)
(brace 2 3887 3894 3888 3894)
(brace 9 3910 3912 3911 3912)
(brace 8 4114 4116 4115 4116)
(brace 9 4133 4135 4134 4135)
(brace 2 4144 4151 4145 4151)
(brace 9 4170 4172 4171 4172)
(brace 8 4257 4259 4258 4259)
(brace 9 4273 4275 4274 4275)
(brace 2 4281 4288 4282 4288)
(brace 9 4309 4311 4310 4311)
(brace 2 4439 4446 4440 4446)
(brace 9 4466 4468 4467 4468)
(brace 1 4733 4739 4734 4739)
(brace 9 4747 4749 4748 4749)
(brace 1 4759 4765 4760 4765)
(brace 9 4773 4775 4774 4775)
(environment 2 4967 4981 4967 4981)
(brace 3 4967 4975 4968 4975)
(brace 9 4979 4981 4980 4981)
(environment 2 4985 5000 4985 5000)
(brace 3 4985 4993 4986 4993)
(brace 9 4998 5000 4999 5000)
(environment 2 5006 5022 5006 5022)
(brace 3 5006 5014 5007 5014)
(brace 9 5020 5022 5021 5022)
(brace 8 5021 5023 5022 5023)
(brace 9 5027 5029 5028 5029)
(brace 8 5043 5045 5044 5045)
(brace 9 5053 5055 5054 5055)
(brace 8 5072 5074 5073 5074)
(brace 9 5087 5089 5088 5089)
(inline-math 0 5122 5123 5122 5123)
(inline-math 0 5129 5130 5129 5130)
(inline-math 0 5173 5174 5173 5174)
(inline-math 0 5180 5181 5180 5181)
(inline-math 0 5226 5227 5226 5227)
(inline-math 0 5234 5235 5234 5235)
(brace 8 5273 5275 5274 5275)
(brace 9 5279 5281 5280 5281)
(inline-math 0 5369 5370 5369 5370)
(inline-math 0 5378 5379 5378 5379)
(inline-math 0 5506 5507 5506 5507)
(inline-math 0 5513 5514 5513 5514)
(inline-math 0 5552 5553 5552 5553)
(inline-math 0 5556 5557 5556 5557)
(environment 3 5573 5587 5573 5587)
(brace 4 5573 5579 5574 5579)
(brace 9 5585 5587 5586 5587)
(environment 3 5591 5604 5591 5604)
(brace 4 5591 5597 5592 5597)
(brace 9 5602 5604 5603 5604)
(brace 8 5616 5618 5617 5618)
(brace 9 5674 5676 5675 5676)
(label 0 5676 5694 5684 5693)
(brace label 5676 5684 5677 5684)
(brace 9 5692 5694 5693 5694)
(environment 3 5696 5708 5696 5708)
(brace 4 5696 5702 5697 5702)
(brace 9 5706 5708 5707 5708)
(brace 8 5718 5720 5719 5720)
(brace 9 5733 5735 5734 5735)
(brace 1 5996 6002 5997 6002)
(brace 9 6016 6018 6017 6018)
(environment 2 6022 6036 6022 6036)
(brace 3 6022 6030 6023 6030)
(brace 9 6034 6036 6035 6036)
(environment 2 6040 6055 6040 6055)
(brace 3 6040 6048 6041 6048)
(brace 9 6053 6055 6054 6055)
(environment 2 6061 6077 6061 6077)
(brace 3 6061 6069 6062 6069)
(brace 9 6075 6077 6076 6077)
(brace 8 6076 6078 6077 6078)
(brace 9 6082 6084 6083 6084)
(brace 8 6098 6100 6099 6100)
(brace 9 6108 6110 6109 6110)
(brace 8 6127 6129 6128 6129)
(brace 9 6142 6144 6143 6144)
(inline-math 0 6187 6188 6187 6188)
(inline-math 0 6192 6193 6192 6193)
(inline-math 0 6222 6223 6222 6223)
(inline-math 0 6226 6227 6226 6227)
(brace 8 6244 6246 6245 6246)
(brace 9 6251 6253 6252 6253)
(brace 2 6252 6259 6253 6259)
(brace 9 6277 6279 6278 6279)
(inline-math 0 6384 6385 6384 6385)
(inline-math 0 6459 6460 6459 6460)
(environment 3 6475 6489 6475 6489)
(brace 4 6475 6481 6476 6481)
(brace 9 6487 6489 6488 6489)
(environment 3 6493 6506 6493 6506)
(brace 4 6493 6499 6494 6499)
(brace 9 6504 6506 6505 6506)
(brace 8 6518 6520 6519 6520)
(brace 9 6575 6577 6576 6577)
(label 0 6577 6601 6591 6600)
(brace label 6577 6585 6578 6585)
(brace 9 6599 6601 6600 6601)
(environment 3 6603 6615 6603 6615)
(brace 4 6603 6609 6604 6609)
(brace 9 6613 6615 6614 6615)
(environment 3 6619 6636 6619 6636)
(brace 4 6619 6624 6619 6624)
(brace 9 6634 6636 6635 6636)
(section 0 6639 6670 6669 6654)
(brace 8 6652 6654 6653 6654)
(brace 9 6668 6670 6669 6670)
(environment 2 6899 6916 6899 6916)
(brace 3 6899 6906 6899 6906)
(brace 9 6914 6916 6915 6916)
(brace 2 6944 6951 6945 6951)
(brace 9 6970 6972 6971 6972)
(brace 2 6985 6992 6986 6992)
(brace 9 7004 7006 7005 7006)
(inline-math 0 7074 7075 7074 7075)
(comment 0 7083 7084 7083 7084)
(inline-math 0 7084 7085 7084 7085)
(inline-math 0 7106 7107 7106 7107)
(inline-math 0 7113 7114 7113 7114)
(environment 3 7170 7185 7170 7185)
(brace 4 7170 7175 7170 7175)
(brace 9 7183 7185 7184 7185)
(section 0 7187 7243 7196 7242)
(brace 8 7194 7196 7195 7196)
(brace 9 7241 7243 7242 7243)
(inline-math 0 7274 7275 7274 7275)
(inline-math 0 7277 7278 7277 7278)
(inline-math 0 7410 7411 7410 7411)
(inline-math 0 7413 7414 7413 7414)
(inline-math 0 7511 7512 7511 7512)
(inline-math 0 7513 7514 7513 7514)
(section 0 7590 7628 7606 7627)
(brace 8 7600 7602 7601 7602)
(brace 9 7626 7628 7627 7628)
(section 0 7629 7667 7644 7666)
(brace 8 7642 7644 7643 7644)
(brace 9 7665 7667 7666 7667)
(label 0 7667 7690 7675 7689)
(brace label 7667 7675 7668 7675)
(brace 9 7688 7690 7689 7690)
(inline-math 0 7703 7704 7703 7704)
(inline-math 0 7706 7707 7706 7707)
(inline-math 0 7835 7836 7835 7836)
(inline-math 0 7840 7841 7840 7841)
(section 0 7850 7887 7865 7886)
(brace 8 7863 7865 7864 7865)
(brace 9 7885 7887 7886 7887)
(environment 2 8770 8789 8770 8789)
(brace 3 8770 8777 8770 8777)
(brace 9 8787 8789 8788 8789)
(inline-math 0 8819 8820 8819 8820)
(inline-math 0 8822 8823 8822 8823)
(brace 1 8936 8942 8937 8942)
(brace 9 8955 8957 8956 8957)
(inline-math 0 9229 9230 9229 9230)
(inline-math 0 9232 9233 9232 9233)
(inline-math 0 9353 9354 9353 9354)
(inline-math 0 9361 9362 9361 9362)
(environment 3 9379 9396 9379 9396)
(brace 4 9379 9384 9379 9384)
(brace 9 9394 9396 9395 9396)
(section 0 9399 9438 9414 9437)
(brace 8 9412 9414 9413 9414)
(brace 9 9436 9438 9437 9438)
(section 0 9600 9655 9612 9654)
(brace 8 9610 9612 9611 9612)
(brace 9 9653 9655 9654 9655)
(section 0 9656 9689 9671 9688)
(brace 8 9669 9671 9670 9671)
(brace 9 9687 9689 9688 9689)
(brace 2 9822 9828 9822 9828)
(brace 9 9846 9848 9847 9848)
(section 0 10049 10080 10064 10079)
(brace 8 10062 10064 10063 10064)
(brace 9 10078 10080 10079 10080)
(brace 8 10132 10134 10133 10134)
(brace 9 10142 10144 10143 10144)
(brace 2 10143 10150 10144 10150)
(brace 9 10167 10169 10168 10169)
(inline-math 0 10442 10443 10442 10443)
(inline-math 0 10448 10449 10448 10449)
(section 0 10526 10557 10541 10556)
(brace 8 10539 10541 10540 10541)
(brace 9 10555 10557 10556 10557)
(inline-math 0 10891 10892 10891 10892)
(inline-math 0 10895 10896 10895 10896)
(inline-math 0 10907 10908 10907 10908)
(inline-math 0 10909 10910 10909 10910)
(section 0 10913 10946 10928 10945)
(brace 8 10926 10928 10927 10928)
(brace 9 10944 10946 10945 10946)
(inline-math 0 11258 11259 11258 11259)
(inline-math 0 11268 11269 11268 11269)
(brace 8 11379 11381 11380 11381)
(brace 9 11393 11395 11394 11395)
(section 0 11404 11434 11419 11433)
(brace 8 11417 11419 11418 11419)
(brace 9 11432 11434 11433 11434)
(brace 2 11490 11497 11491 11497)
(brace 9 11518 11520 11519 11520)
(section 0 11556 11589 11568 11588)
(brace 8 11566 11568 11567 11568)
(brace 9 11587 11589 11588 11589)
(brace 1 11924 11929 11924 11929)
(brace 9 11938 11940 11939 11940)
(environment 2 11957 11971 11957 11971)
(brace 3 11957 11965 11958 11965)
(brace 9 11969 11971 11970 11971)
(environment 2 11975 11990 11975 11990)
(brace 3 11975 11983 11976 11983)
(brace 9 11988 11990 11989 11990)
(environment 2 11996 12012 11996 12012)
(brace 3 11996 12004 11997 12004)
(brace 9 12010 12012 12011 12012)
(brace 8 12011 12013 12012 12013)
(brace 9 12017 12019 12018 12019)
(brace 8 12033 12035 12034 12035)
(brace 9 12038 12040 12039 12040)
(brace 8 12057 12059 12058 12059)
(brace 9 12062 12064 12063 12064)
(inline-math 0 12101 12102 12101 12102)
(inline-math 0 12103 12104 12103 12104)
(inline-math 0 12148 12149 12148 12149)
(inline-math 0 12152 12153 12152 12153)
(inline-math 0 12209 12210 12209 12210)
(inline-math 0 12213 12214 12213 12214)
(inline-math 0 12433 12434 12433 12434)
(inline-math 0 12437 12438 12437 12438)
(environment 3 12480 12494 12480 12494)
(brace 4 12480 12486 12481 12486)
(brace 9 12492 12494 12493 12494)
(environment 3 12498 12511 12498 12511)
(brace 4 12498 12504 12499 12504)
(brace 9 12509 12511 12510 12511)
(brace 8 12523 12525 12524 12525)
(brace 9 12554 12556 12555 12556)
(label 0 12556 12575 12574 12564)
(brace label 12556 12564 12557 12564)
(brace 9 12573 12575 12574 12575)
(environment 3 12577 12589 12577 12589)
(brace 4 12577 12583 12578 12583)
(brace 9 12587 12589 12588 12589)
(section 0 12592 12623 12601 12622)
(brace 8 12599 12601 12600 12601)
(brace 9 12621 12623 12622 12623)
(brace 1 12773 12779 12774 12779)
(brace 9 12787 12789 12788 12789)
(section 0 12831 12856 12843 12855)
(brace 8 12841 12843 12842 12843)
(brace 9 12854 12856 12855 12856)
(inline-math 0 12894 12895 12894 12895)
(inline-math 0 12897 12898 12897 12898)
(brace 1 12922 12928 12923 12928)
(brace 9 12936 12938 12937 12938)
(inline-math 0 12954 12955 12954 12955)
(inline-math 0 12960 12961 12960 12961)
(environment 2 12982 12995 12982 12995)
(brace 3 12982 12989 12982 12989)
(brace 9 12993 12995 12994 12995)
(environment 2 12996 13010 12996 13010)
(brace 3 12996 13003 12996 13003)
(brace 9 13008 13010 13009 13010)
(environment 2 13011 13026 13011 13026)
(brace 3 13011 13018 13011 13018)
(brace 9 13024 13026 13025 13026)
(brace 8 13025 13027 13026 13027)
(brace 9 13029 13031 13030 13031)
(brace 8 13045 13047 13046 13047)
(brace 9 13051 13053 13052 13053)
(environment 3 13972 13985 13972 13985)
(brace 4 13972 13977 13972 13977)
(brace 9 13983 13985 13984 13985)
(environment 3 13986 13998 13986 13998)
(brace 4 13986 13991 13986 13991)
(brace 9 13996 13998 13997 13998)
(brace 8 14006 14008 14007 14008)
(brace 9 14063 14065 14064 14065)
(label 0 14065 14083 14073 14082)
(brace label 14065 14073 14066 14073)
(brace 9 14081 14083 14082 14083)
(environment 3 14084 14095 14084 14095)
(brace 4 14084 14089 14084 14089)
(brace 9 14093 14095 14094 14095)
(section 0 14097 14131 14109 14119)
(brace 8 14107 14109 14108 14109)
(brace 9 14129 14131 14130 14131)
(section 0 14133 14169 14148 14168)
(brace 8 14146 14148 14147 14148)
(brace 9 14167 14169 14168 14169)
(brace 1 14371 14377 14372 14377)
(brace 9 14382 14384 14383 14384)
(environment 2 14463 14476 14463 14476)
(brace 3 14463 14470 14463 14470)
(brace 9 14474 14476 14475 14476)
(environment 2 14477 14491 14477 14491)
(brace 3 14477 14484 14477 14484)
(brace 9 14489 14491 14490 14491)
(environment 2 14492 14507 14492 14507)
(brace 3 14492 14499 14492 14499)
(brace 9 14505 14507 14506 14507)
(brace 8 14506 14508 14507 14508)
(brace 9 14510 14512 14511 14512)
(brace 8 14526 14528 14527 14528)
(brace 9 14537 14539 14538 14539)
(environment 3 14935 14948 14935 14948)
(brace 4 14935 14940 14935 14940)
(brace 9 14946 14948 14947 14948)
(environment 3 14949 14961 14949 14961)
(brace 4 14949 14954 14949 14954)
(brace 9 14959 14961 14960 14961)
(brace 8 14969 14971 14970 14971)
(brace 9 15011 15013 15012 15013)
(label 0 15013 15028 15027 15021)
(brace label 15013 15021 15014 15021)
(brace 9 15026 15028 15027 15028)
(environment 3 15029 15040 15029 15040)
(brace 4 15029 15034 15029 15034)
(brace 9 15038 15040 15039 15040)
(section 0 15282 15329 15297 15328)
(brace 8 15295 15297 15296 15297)
(brace 9 15327 15329 15328 15329)
(brace 8 15395 15397 15396 15397)
(brace 9 15405 15407 15406 15407)
(brace 8 15417 15419 15418 15419)
(brace 9 15427 15429 15428 15429)
(brace 5 15490 15497 15491 15497)
(inline-math 0 15490 15491 15490 15491)
(brace 9 15498 15500 15499 15500)
(brace 8 15500 15502 15501 15502)
(brace 9 15503 15505 15504 15505)
(inline-math 0 15505 15506 15505 15506)
(environment 2 15600 15619 15600 15619)
(brace 3 15600 15607 15600 15607)
(brace 9 15617 15619 15618 15619)
(brace 5 15726 15733 15727 15733)
(inline-math 0 15726 15727 15726 15727)
(brace 9 15734 15736 15735 15736)
(brace 8 15736 15738 15737 15738)
(brace 9 15739 15741 15740 15741)
(inline-math 0 15741 15742 15741 15742)
(inline-math 0 15812 15813 15812 15813)
(comment 0 15816 15817 15816 15817)
(inline-math 0 15817 15818 15817 15818)
(inline-math 0 15852 15853 15852 15853)
(inline-math 0 15859 15860 15859 15860)
(inline-math 0 15990 15991 15990 15991)
(inline-math 0 15997 15998 15997 15998)
(brace 5 16527 16534 16528 16534)
(inline-math 0 16527 16528 16527 16528)
(brace 9 16535 16537 16536 16537)
(brace 8 16537 16539 16538 16539)
(brace 9 16540 16542 16541 16542)
(inline-math 0 16542 16543 16542 16543)
(environment 3 16805 16822 16805 16822)
(brace 4 16805 16810 16805 16810)
(brace 9 16820 16822 16821 16822)
(section 0 16826 16858 16845 16857)
(brace 8 16836 16838 16837 16838)
(brace 9 16856 16858 16857 16858)
(section 0 16953 16992 16968 16971)
(brace 8 16966 16968 16967 16968)
(brace 9 16990 16992 16991 16992)
(environment 2 16994 17013 16994 17013)
(brace 3 16994 17001 16994 17001)
(brace 9 17011 17013 17012 17013)
(environment 3 17413 17430 17413 17430)
(brace 4 17413 17418 17413 17418)
(brace 9 17428 17430 17429 17430)
(section 0 17433 17491 17448 17490)
(brace 8 17446 17448 17447 17448)
(brace 9 17489 17491 17490 17491)
(environment 2 17493 17512 17493 17512)
(brace 3 17493 17500 17493 17500)
(brace 9 17510 17512 17511 17512)
(inline-math 0 17969 17970 17969 17970)
(inline-math 0 17976 17977 17976 17977)
(environment 3 18103 18120 18103 18120)
(brace 4 18103 18108 18103 18108)
(brace 9 18118 18120 18119 18120)
