"0f972ac2d7e0e7f2f3a519d8a21cb30e"
"1f62ab6ad84ea03c1f257dce43aebab0"
(section 0 1 32 10 21)
(brace 8 8 10 9 10)
(brace 9 30 32 31 32)
(section 0 35 55 44 54)
(brace 8 42 44 43 44)
(brace 9 53 55 54 55)
(brace 8 515 517 516 517)
(brace 9 534 536 535 536)
(brace 8 903 905 904 905)
(brace 9 907 909 908 909)
(section 0 1628 1668 1640 1658)
(brace 8 1638 1640 1639 1640)
(brace 9 1666 1668 1667 1668)
(section 0 2642 2683 2654 2682)
(brace 8 2652 2654 2653 2654)
(brace 9 2681 2683 2682 2683)
(section 0 3085 3102 3094 3101)
(brace 8 3092 3094 3093 3094)
(brace 9 3100 3102 3101 3102)
(section 0 3331 3373 3343 3358)
(brace 8 3341 3343 3342 3343)
(brace 9 3371 3373 3372 3373)
(section 0 3883 3921 3898 3907)
(brace 8 3896 3898 3897 3898)
(brace 9 3919 3921 3920 3921)
(brace 2 4703 4710 4704 4710)
(brace 9 4717 4719 4718 4719)
(inline-math 0 4960 4961 4960 4961)
(inline-math 0 4965 4966 4965 4966)
(brace 2 5006 5013 5007 5013)
(brace 9 5029 5031 5030 5031)
(section 0 5406 5448 5421 5434)
(brace 8 5419 5421 5420 5421)
(brace 9 5446 5448 5447 5448)
(brace 2 7046 7053 7047 7053)
(brace 9 7071 7073 7072 7073)
(section 0 7180 7225 7192 7224)
(brace 8 7190 7192 7191 7192)
(brace 9 7223 7225 7224 7225)
(section 0 7404 7476 7419 7475)
(brace 8 7417 7419 7418 7419)
(brace 9 7474 7476 7475 7476)
(brace 2 8159 8166 8160 8166)
(brace 9 8189 8191 8190 8191)
(brace 2 8222 8229 8223 8229)
(brace 9 8246 8248 8247 8248)
(section 0 8379 8427 8394 8426)
(brace 8 8392 8394 8393 8394)
(brace 9 8425 8427 8426 8427)
(brace 2 8650 8657 8651 8657)
(brace 9 8680 8682 8681 8682)
(section 0 8729 8773 8741 8772)
(brace 8 8739 8741 8740 8741)
(brace 9 8771 8773 8772 8773)
(brace 2 9724 9731 9725 9731)
(brace 9 9760 9762 9761 9762)
