"62cffd19281cdcfeaa92e47c6faece6b"
"1f62ab6ad84ea03c1f257dce43aebab0"
(brace 8 8 10 9 10)
(brace 9 73 75 74 75)
(section 0 78 98 97 87)
(brace 8 85 87 86 87)
(brace 9 96 98 97 98)
(brace 2 663 670 664 670)
(brace 9 689 691 690 691)
(brace 2 1334 1341 1335 1341)
(brace 9 1363 1365 1364 1365)
(brace 2 1941 1948 1942 1948)
(brace 9 1963 1965 1964 1965)
(brace 2 2043 2050 2044 2050)
(brace 9 2070 2072 2071 2072)
(brace 2 2116 2123 2117 2123)
(brace 9 2143 2145 2144 2145)
(brace 2 2331 2338 2332 2338)
(brace 9 2356 2358 2357 2358)
(brace 2 2722 2729 2723 2729)
(brace 9 2749 2751 2750 2751)
(section 0 2801 2848 2810 2847)
(brace 8 2808 2810 2809 2810)
(brace 9 2846 2848 2847 2848)
(section 0 2849 2871 2861 2870)
(brace 8 2859 2861 2860 2861)
(brace 9 2869 2871 2870 2871)
(brace 2 4271 4278 4272 4278)
(brace 9 4303 4305 4304 4305)
(brace 2 4571 4578 4572 4578)
(brace 9 4599 4601 4600 4601)
(section 0 5474 5512 5486 5497)
(brace 8 5484 5486 5485 5486)
(brace 9 5510 5512 5511 5512)
(section 0 5892 5932 5907 5924)
(brace 8 5905 5907 5906 5907)
(brace 9 5930 5932 5931 5932)
(environment 2 6881 6895 6881 6895)
(brace 3 6881 6888 6881 6888)
(brace 9 6893 6895 6894 6895)
(brace 8 6914 6916 6915 6916)
(brace 9 6927 6929 6928 6929)
(brace 8 6928 6930 6929 6930)
(brace 8 6986 6988 6987 6988)
(brace 9 7054 7056 7055 7056)
(brace 8 7068 7070 7069 7070)
(inline-math 0 7128 7129 7128 7129)
(brace 8 7135 7137 7136 7137)
(brace 9 7140 7142 7141 7142)
(brace 8 7142 7144 7143 7144)
(brace 8 7150 7152 7151 7152)
(brace 9 7157 7159 7158 7159)
(brace 9 7158 7160 7159 7160)
(brace 8 7160 7162 7161 7162)
(brace 8 7168 7170 7169 7170)
(brace 9 7183 7185 7184 7185)
(brace 9 7184 7186 7185 7186)
(inline-math 0 7186 7187 7186 7187)
(inline-math 0 7237 7238 7237 7238)
(brace 8 7244 7246 7245 7246)
(brace 9 7249 7251 7250 7251)
(brace 8 7258 7260 7259 7260)
(brace 9 7265 7267 7266 7267)
(inline-math 0 7267 7268 7267 7268)
(inline-math 0 7315 7316 7315 7316)
(inline-math 0 7317 7318 7317 7318)
(inline-math 0 7320 7321 7320 7321)
(inline-math 0 7336 7337 7336 7337)
(inline-math 0 7377 7378 7377 7378)
(inline-math 0 7379 7380 7379 7380)
(inline-math 0 7382 7383 7382 7383)
(inline-math 0 7396 7397 7396 7397)
(inline-math 0 7419 7420 7419 7420)
(inline-math 0 7421 7422 7421 7422)
(inline-math 0 7424 7425 7424 7425)
(brace 8 7428 7430 7429 7430)
(brace 5 7429 7436 7430 7436)
(brace 9 7449 7451 7450 7451)
(brace 9 7450 7452 7451 7452)
(inline-math 0 7462 7463 7462 7463)
(brace 9 7493 7495 7494 7495)
(brace 9 7494 7496 7495 7496)
(environment 3 7497 7509 7497 7509)
(brace 4 7497 7502 7497 7502)
(brace 9 7507 7509 7508 7509)
(section 0 7511 7546 7526 7545)
(brace 8 7524 7526 7525 7526)
(brace 9 7544 7546 7545 7546)
(section 0 7903 7951 7918 7950)
(brace 8 7916 7918 7917 7918)
(brace 9 7949 7951 7950 7951)
(brace 8 8116 8118 8117 8118)
(brace 9 8124 8126 8125 8126)
(brace 8 8162 8164 8163 8164)
(brace 9 8176 8178 8177 8178)
(brace 8 8193 8195 8194 8195)
(brace 9 8204 8206 8205 8206)
(brace 2 8944 8951 8945 8951)
(brace 9 8972 8974 8973 8974)
(section 0 9045 9131 9060 9074)
(brace 8 9058 9060 9059 9060)
(brace 9 9129 9131 9130 9131)
(brace 2 9697 9704 9698 9704)
(brace 9 9720 9722 9721 9722)
(brace 2 9721 9728 9722 9728)
(brace 9 9757 9759 9758 9759)
(brace 2 9758 9765 9759 9765)
(brace 9 9777 9779 9778 9779)
(section 0 9783 9799 9792 9798)
(brace 8 9790 9792 9791 9792)
(brace 9 9797 9799 9798 9799)
(section 0 10253 10293 10265 10292)
(brace 8 10263 10265 10264 10265)
(brace 9 10291 10293 10292 10293)
(brace 2 11174 11181 11175 11181)
(brace 9 11202 11204 11203 11204)
(brace 2 11220 11227 11221 11227)
(brace 9 11249 11251 11250 11251)
(section 0 11304 11369 11316 11368)
(brace 8 11314 11316 11315 11316)
(brace 9 11367 11369 11368 11369)
(brace 2 11665 11672 11666 11672)
(brace 9 11693 11695 11694 11695)
(brace 2 11756 11763 11757 11763)
(brace 9 11780 11782 11781 11782)
(section 0 11785 11841 11797 11840)
(brace 8 11795 11797 11796 11797)
(brace 9 11839 11841 11840 11841)
(brace 2 12044 12051 12045 12051)
(brace 9 12074 12076 12075 12076)
(brace 2 12075 12082 12076 12082)
(brace 9 12103 12105 12104 12105)
(brace 2 12104 12111 12105 12111)
(brace 9 12131 12133 12132 12133)
(brace 2 12830 12837 12831 12837)
(brace 9 12857 12859 12858 12859)
(section 0 13054 13107 13066 13106)
(brace 8 13064 13066 13065 13066)
(brace 9 13105 13107 13106 13107)
(section 0 13271 13358 13286 13357)
(brace 8 13284 13286 13285 13286)
(brace 9 13356 13358 13357 13358)
(section 0 13978 14063 13993 14062)
(brace 8 13991 13993 13992 13993)
(brace 9 14061 14063 14062 14063)
(brace 2 14089 14096 14090 14096)
(brace 9 14117 14119 14118 14119)
(section 0 14394 14459 14409 14458)
(brace 8 14407 14409 14408 14409)
(brace 9 14457 14459 14458 14459)
(brace 2 15486 15493 15487 15493)
(brace 9 15518 15520 15519 15520)
(brace 2 15528 15535 15529 15535)
(brace 9 15558 15560 15559 15560)
(section 0 15563 15580 15572 15579)
(brace 8 15570 15572 15571 15572)
(brace 9 15578 15580 15579 15580)
(section 0 15878 15917 15890 15916)
(brace 8 15888 15890 15889 15890)
(brace 9 15915 15917 15916 15917)
(brace 2 15976 15983 15977 15983)
(brace 9 16001 16003 16002 16003)
(section 0 16798 16831 16810 16830)
(brace 8 16808 16810 16809 16810)
(brace 9 16829 16831 16830 16831)
(brace 2 16874 16881 16875 16881)
(brace 9 16902 16904 16903 16904)
(section 0 17486 17528 17501 17507)
(brace 8 17499 17501 17500 17501)
(brace 9 17526 17528 17527 17528)
(brace 2 17868 17875 17869 17875)
(brace 9 17897 17899 17898 17899)
(environment 2 17902 17916 17902 17916)
(brace 3 17902 17909 17902 17909)
(brace 9 17914 17916 17915 17916)
(brace 8 17965 17967 17966 17967)
(brace 9 18037 18039 18038 18039)
(brace 8 18049 18051 18050 18051)
(brace 9 18098 18100 18099 18100)
(label 0 18100 18117 18116 18108)
(brace label 18100 18108 18101 18108)
(brace 9 18115 18117 18116 18117)
(environment 3 18118 18130 18118 18130)
(brace 4 18118 18123 18118 18123)
(brace 9 18128 18130 18129 18130)
(brace 1 18315 18321 18316 18321)
(brace 9 18328 18330 18329 18330)
(brace 2 18854 18861 18855 18861)
(brace 9 18882 18884 18883 18884)
(environment 2 18948 18962 18948 18962)
(brace 3 18948 18955 18948 18955)
(brace 9 18960 18962 18961 18962)
(brace 8 19011 19013 19012 19013)
(brace 9 19093 19095 19094 19095)
(brace 8 19105 19107 19106 19107)
(brace 9 19171 19173 19172 19173)
(label 0 19173 19190 19189 19181)
(brace label 19173 19181 19174 19181)
(brace 9 19188 19190 19189 19190)
(environment 3 19191 19203 19191 19203)
(brace 4 19191 19196 19191 19196)
(brace 9 19201 19203 19202 19203)
(brace 1 19349 19355 19350 19355)
(brace 9 19362 19364 19363 19364)
(environment 2 19475 19489 19475 19489)
(brace 3 19475 19482 19475 19482)
(brace 9 19487 19489 19488 19489)
(brace 8 19538 19540 19539 19540)
(brace 9 19617 19619 19618 19619)
(brace 8 19629 19631 19630 19631)
(brace 9 19736 19738 19737 19738)
(label 0 19738 19757 19756 19746)
(brace label 19738 19746 19739 19746)
(brace 9 19755 19757 19756 19757)
(environment 3 19758 19770 19758 19770)
(brace 4 19758 19763 19758 19763)
(brace 9 19768 19770 19769 19770)
(brace 1 19986 19992 19987 19992)
(brace 9 20001 20003 20002 20003)
(brace 1 20176 20182 20177 20182)
(brace 9 20191 20193 20192 20193)
(environment 2 20198 20212 20198 20212)
(brace 3 20198 20205 20198 20205)
(brace 9 20210 20212 20211 20212)
(brace 8 20261 20263 20262 20263)
(brace 9 20338 20340 20339 20340)
(brace 8 20350 20352 20351 20352)
(brace 9 20451 20453 20452 20453)
(label 0 20452 20470 20469 20460)
(brace label 20452 20460 20453 20460)
(brace 9 20468 20470 20469 20470)
(environment 3 20471 20483 20471 20483)
(brace 4 20471 20476 20471 20476)
(brace 9 20481 20483 20482 20483)
(brace 1 20624 20630 20625 20630)
(brace 9 20638 20640 20639 20640)
(brace 1 20800 20806 20801 20806)
(brace 9 20814 20816 20815 20816)
(brace 2 21147 21154 21148 21154)
(brace 9 21182 21184 21183 21184)
(brace 2 21364 21371 21365 21371)
(brace 9 21380 21382 21381 21382)
(section 0 21942 21976 21957 21975)
(brace 8 21955 21957 21956 21957)
(brace 9 21974 21976 21975 21976)
(brace 2 22481 22488 22482 22488)
(brace 9 22499 22501 22500 22501)
(brace 1 22629 22635 22630 22635)
(brace 9 22643 22645 22644 22645)
(environment 2 22716 22730 22716 22730)
(brace 3 22716 22723 22716 22723)
(brace 9 22728 22730 22729 22730)
(brace 8 22779 22781 22780 22781)
(brace 9 22854 22856 22855 22856)
(brace 8 22866 22868 22867 22868)
(brace 9 22936 22938 22937 22938)
(label 0 22938 22956 22955 22946)
(brace label 22938 22946 22939 22946)
(brace 9 22954 22956 22955 22956)
(environment 3 22957 22969 22957 22969)
(brace 4 22957 22962 22957 22962)
(brace 9 22967 22969 22968 22969)
(section 0 22971 22991 22980 22990)
(brace 8 22978 22980 22979 22980)
(brace 9 22989 22991 22990 22991)
(section 0 22993 23013 23005 23012)
(brace 8 23003 23005 23004 23005)
(brace 9 23011 23013 23012 23013)
(section 0 23370 23394 23382 23393)
(brace 8 23380 23382 23381 23382)
(brace 9 23392 23394 23393 23394)
(brace 8 23945 23947 23946 23947)
(brace 9 23947 23949 23948 23949)
(brace 2 24016 24023 24017 24023)
(brace 9 24044 24046 24045 24046)
