"07a08e909138ddd62def659890485090"
"1f62ab6ad84ea03c1f257dce43aebab0"
(section 0 1 55 54 10)
(brace 8 8 10 9 10)
(brace 9 53 55 54 55)
(section 0 57 74 66 73)
(brace 8 64 66 65 66)
(brace 9 72 74 73 74)
(section 0 1933 1956 1955 1942)
(brace 8 1940 1942 1941 1942)
(brace 9 1954 1956 1955 1956)
(section 0 2513 2563 2562 2526)
(brace 8 2524 2526 2525 2526)
(brace 9 2561 2563 2562 2563)
(brace 2 2895 2902 2896 2902)
(brace 9 2928 2930 2929 2930)
(comment 0 3607 3608 3607 3608)
(comment 0 3660 3661 3660 3661)
(brace 2 5802 5809 5803 5809)
(brace 9 5829 5831 5830 5831)
(section 0 6999 7060 7021 7059)
(brace 8 7009 7011 7010 7011)
(brace 9 7058 7060 7059 7060)
(comment 0 7387 7387 7387 7387)
(comment 0 7457 7457 7457 7457)
(comment 0 7527 7527 7527 7527)
(comment 0 7595 7595 7595 7595)
(comment 0 7659 7659 7659 7659)
(comment 0 7726 7726 7726 7726)
(comment 0 7783 7783 7783 7783)
(comment 0 7844 7844 7844 7844)
