"90c15b283caffa6ed44c35a87030cf2c"
"1f62ab6ad84ea03c1f257dce43aebab0"
(environment 2 4 19 4 19)
(brace 3 4 12 5 12)
(brace 9 17 19 18 19)
(inline-math 0 44 62 44 62)
(inline-math 0 44 44 44 44)
(brace 8 62 64 63 64)
(brace 8 117 119 118 119)
(brace 9 217 219 218 219)
(brace 9 218 220 219 220)
(comment 0 220 221 220 221)
(inline-math 0 245 266 245 266)
(inline-math 0 245 245 245 245)
(brace 8 266 268 267 268)
(brace 8 303 305 304 305)
(brace 8 304 306 305 306)
(brace 9 400 402 401 402)
(brace 9 405 407 406 407)
(brace 9 406 408 407 408)
(inline-math 0 431 450 431 450)
(inline-math 0 431 431 431 431)
(brace 8 450 452 451 452)
(brace 8 487 489 488 489)
(brace 8 488 490 489 490)
(brace 9 585 587 586 587)
(brace 9 590 592 591 592)
(brace 9 591 593 592 593)
(brace 9 600 666 600 666)
(brace 8 600 600 600 600)
(inline-math 0 600 600 600 600)
(inline-math 0 600 600 600 600)
(label 0 666 686 674 685)
(brace label 666 674 667 674)
(brace 9 684 686 685 686)
(environment 3 690 703 690 703)
(brace 4 690 696 691 696)
(brace 9 701 703 702 703)
(environment 2 708 723 708 723)
(brace 3 708 716 709 716)
(brace 9 721 723 722 723)
(inline-math 0 748 766 748 766)
(inline-math 0 748 748 748 748)
(brace 8 766 768 767 768)
(brace 8 821 823 822 823)
(brace 9 924 926 925 926)
(brace 9 925 927 926 927)
(comment 0 927 928 927 928)
(inline-math 0 952 973 952 973)
(inline-math 0 952 952 952 952)
(brace 8 973 975 974 975)
(brace 8 1010 1012 1011 1012)
(brace 8 1011 1013 1012 1013)
(brace 9 1110 1112 1111 1112)
(brace 9 1115 1117 1116 1117)
(brace 9 1116 1118 1117 1118)
(inline-math 0 1141 1160 1141 1160)
(inline-math 0 1141 1141 1141 1141)
(brace 8 1160 1162 1161 1162)
(brace 8 1197 1199 1198 1199)
(brace 8 1198 1200 1199 1200)
(brace 9 1298 1300 1299 1300)
(brace 9 1303 1305 1304 1305)
(brace 9 1304 1306 1305 1306)
(brace 9 1313 1402 1313 1402)
(brace 8 1313 1313 1313 1313)
(inline-math 0 1313 1313 1313 1313)
(inline-math 0 1313 1313 1313 1313)
(label 0 1402 1422 1410 1421)
(brace label 1402 1410 1403 1410)
(brace 9 1420 1422 1421 1422)
(environment 3 1426 1439 1426 1439)
(brace 4 1426 1432 1427 1432)
(brace 9 1437 1439 1438 1439)
(environment 2 1449 1464 1449 1464)
(brace 3 1449 1457 1450 1457)
(brace 9 1462 1464 1463 1464)
(inline-math 0 1489 1507 1489 1507)
(inline-math 0 1489 1489 1489 1489)
(brace 8 1507 1509 1508 1509)
(brace 8 1562 1564 1563 1564)
(brace 9 1668 1670 1669 1670)
(brace 9 1669 1671 1670 1671)
(comment 0 1671 1672 1671 1672)
(inline-math 0 1696 1717 1696 1717)
(inline-math 0 1696 1696 1696 1696)
(brace 8 1717 1719 1718 1719)
(brace 8 1754 1756 1755 1756)
(brace 8 1755 1757 1756 1757)
(brace 9 1857 1859 1858 1859)
(brace 9 1862 1864 1863 1864)
(brace 9 1863 1865 1864 1865)
(inline-math 0 1888 1907 1888 1907)
(inline-math 0 1888 1888 1888 1888)
(brace 8 1907 1909 1908 1909)
(brace 8 1944 1946 1945 1946)
(brace 8 1945 1947 1946 1947)
(brace 9 2048 2050 2049 2050)
(brace 9 2053 2055 2054 2055)
(brace 9 2054 2056 2055 2056)
(brace 9 2063 2145 2063 2145)
(brace 8 2063 2063 2063 2063)
(inline-math 0 2063 2063 2063 2063)
(inline-math 0 2063 2063 2063 2063)
(label 0 2145 2167 2153 2166)
(brace label 2145 2153 2146 2153)
(brace 9 2165 2167 2166 2167)
(environment 3 2171 2184 2171 2184)
(brace 4 2171 2177 2172 2177)
(brace 9 2182 2184 2183 2184)
(environment 2 2190 2205 2190 2205)
(brace 3 2190 2198 2191 2198)
(brace 9 2203 2205 2204 2205)
(inline-math 0 2230 2248 2230 2248)
(inline-math 0 2230 2230 2230 2230)
(brace 8 2248 2250 2249 2250)
(brace 8 2303 2305 2304 2305)
(brace 9 2412 2414 2413 2414)
(brace 9 2413 2415 2414 2415)
(comment 0 2415 2416 2415 2416)
(inline-math 0 2440 2461 2440 2461)
(inline-math 0 2440 2440 2440 2440)
(brace 8 2461 2463 2462 2463)
(brace 8 2498 2500 2499 2500)
(brace 8 2499 2501 2500 2501)
(brace 9 2604 2606 2605 2606)
(brace 9 2609 2611 2610 2611)
(brace 9 2610 2612 2611 2612)
(inline-math 0 2635 2654 2635 2654)
(inline-math 0 2635 2635 2635 2635)
(brace 8 2654 2656 2655 2656)
(brace 8 2691 2693 2692 2693)
(brace 8 2692 2694 2693 2694)
(brace 9 2798 2800 2799 2800)
(brace 9 2803 2805 2804 2805)
(brace 9 2804 2806 2805 2806)
(brace 9 2813 2910 2813 2910)
(inline-math 0 2813 2813 2813 2813)
(inline-math 0 2813 2813 2813 2813)
(brace 8 2813 2813 2813 2813)
(label 0 2910 2931 2918 2930)
(brace label 2910 2918 2911 2918)
(brace 9 2929 2931 2930 2931)
(environment 3 2935 2948 2935 2948)
(brace 4 2935 2941 2936 2941)
(brace 9 2946 2948 2947 2948)
