"13edb91ce290f625a0333f7030965743"
"1f62ab6ad84ea03c1f257dce43aebab0"
(environment 2 1 15 1 15)
(brace 3 1 8 1 8)
(brace 9 13 15 14 15)
(inline-math 0 51 52 51 52)
(inline-math 0 70 71 70 71)
(brace 8 72 74 73 74)
(brace 8 123 125 124 125)
(brace 8 124 126 125 126)
(brace 9 204 206 205 206)
(brace 9 209 211 210 211)
(brace 9 210 212 211 212)
(comment 0 212 213 212 213)
(inline-math 0 251 252 251 252)
(inline-math 0 268 269 268 269)
(brace 8 271 273 272 273)
(brace 8 316 318 317 318)
(brace 8 317 319 318 319)
(brace 9 398 400 399 400)
(brace 9 403 405 404 405)
(brace 9 404 406 405 406)
(comment 0 406 407 406 407)
(inline-math 0 449 450 449 450)
(inline-math 0 468 469 468 469)
(brace 8 470 472 471 472)
(brace 8 515 517 516 517)
(brace 8 516 518 517 518)
(brace 9 596 598 597 598)
(brace 9 601 603 602 603)
(brace 9 602 604 603 604)
(comment 0 604 605 604 605)
(brace 8 615 617 616 617)
(brace 9 677 679 678 679)
(label 0 679 698 697 687)
(brace label 679 687 680 687)
(brace 9 696 698 697 698)
(environment 3 699 711 699 711)
(brace 4 699 704 699 704)
(brace 9 709 711 710 711)
(environment 2 721 736 721 736)
(brace 3 721 729 722 729)
(brace 9 734 736 735 736)
(inline-math 0 777 778 777 778)
(inline-math 0 795 796 795 796)
(brace 8 797 799 798 799)
(brace 8 852 854 853 854)
(brace 8 853 855 854 855)
(brace 9 936 938 937 938)
(brace 9 941 943 942 943)
(brace 9 942 944 943 944)
(comment 0 944 945 944 945)
(inline-math 0 991 992 991 992)
(brace 8 1007 1009 1008 1009)
(brace 9 1010 1012 1011 1012)
(inline-math 0 1012 1013 1012 1013)
(brace 8 1021 1023 1022 1023)
(brace 8 1067 1069 1068 1069)
(brace 8 1068 1070 1069 1070)
(brace 9 1152 1154 1153 1154)
(brace 9 1157 1159 1158 1159)
(brace 9 1158 1160 1159 1160)
(comment 0 1160 1161 1160 1161)
(inline-math 0 1206 1207 1206 1207)
(brace 8 1222 1224 1223 1224)
(brace 9 1225 1227 1226 1227)
(inline-math 0 1227 1228 1227 1228)
(brace 8 1229 1231 1230 1231)
(brace 8 1275 1277 1276 1277)
(brace 8 1276 1278 1277 1278)
(brace 9 1359 1361 1360 1361)
(brace 9 1364 1366 1365 1366)
(brace 9 1365 1367 1366 1367)
(comment 0 1367 1368 1367 1368)
(brace 8 1382 1384 1383 1384)
(brace 9 1463 1465 1464 1465)
(label 0 1465 1484 1483 1473)
(brace label 1465 1473 1466 1473)
(brace 9 1482 1484 1483 1484)
(environment 3 1488 1501 1488 1501)
(brace 4 1488 1494 1489 1494)
(brace 9 1499 1501 1500 1501)
(comment 0 1503 1504 1503 1504)
(comment 0 1504 1505 1504 1505)
(environment 2 1517 1531 1517 1531)
(brace 3 1517 1524 1517 1524)
(brace 9 1529 1531 1530 1531)
(inline-math 0 1567 1568 1567 1568)
(inline-math 0 1586 1587 1586 1587)
(brace 8 1588 1590 1589 1590)
(brace 8 1639 1641 1640 1641)
(brace 8 1640 1642 1641 1642)
(brace 9 1723 1725 1724 1725)
(brace 9 1728 1730 1729 1730)
(brace 9 1729 1731 1730 1731)
(comment 0 1731 1732 1731 1732)
(inline-math 0 1770 1771 1770 1771)
(inline-math 0 1787 1788 1787 1788)
(brace 8 1790 1792 1791 1792)
(brace 8 1835 1837 1836 1837)
(brace 8 1836 1838 1837 1838)
(brace 9 1920 1922 1921 1922)
(brace 9 1925 1927 1926 1927)
(brace 9 1926 1928 1927 1928)
(comment 0 1928 1929 1928 1929)
(inline-math 0 1966 1967 1966 1967)
(inline-math 0 1985 1986 1985 1986)
(brace 8 1987 1989 1988 1989)
(brace 8 2032 2034 2033 2034)
(brace 8 2033 2035 2034 2035)
(brace 9 2116 2118 2117 2118)
(brace 9 2121 2123 2122 2123)
(brace 9 2122 2124 2123 2124)
(comment 0 2124 2125 2124 2125)
(brace 8 2135 2137 2136 2137)
(brace 9 2205 2207 2206 2207)
(label 0 2207 2228 2227 2215)
(brace label 2207 2215 2208 2215)
(brace 9 2226 2228 2227 2228)
(environment 3 2229 2241 2229 2241)
(brace 4 2229 2234 2229 2234)
(brace 9 2239 2241 2240 2241)
(environment 2 2251 2266 2251 2266)
(brace 3 2251 2259 2252 2259)
(brace 9 2264 2266 2265 2266)
(inline-math 0 2307 2308 2307 2308)
(inline-math 0 2325 2326 2325 2326)
(brace 8 2327 2329 2328 2329)
(brace 8 2382 2384 2383 2384)
(brace 8 2383 2385 2384 2385)
(brace 9 2469 2471 2470 2471)
(brace 9 2474 2476 2475 2476)
(brace 9 2475 2477 2476 2477)
(comment 0 2477 2478 2477 2478)
(inline-math 0 2524 2525 2524 2525)
(brace 8 2540 2542 2541 2542)
(brace 9 2543 2545 2544 2545)
(inline-math 0 2545 2546 2545 2546)
(brace 8 2554 2556 2555 2556)
(brace 8 2600 2602 2601 2602)
(brace 8 2601 2603 2602 2603)
(brace 9 2688 2690 2689 2690)
(brace 9 2693 2695 2694 2695)
(brace 9 2694 2696 2695 2696)
(comment 0 2696 2697 2696 2697)
(inline-math 0 2742 2743 2742 2743)
(brace 8 2758 2760 2759 2760)
(brace 9 2761 2763 2762 2763)
(inline-math 0 2763 2764 2763 2764)
(brace 8 2765 2767 2766 2767)
(brace 8 2811 2813 2812 2813)
(brace 8 2812 2814 2813 2814)
(brace 9 2898 2900 2899 2900)
(brace 9 2903 2905 2904 2905)
(brace 9 2904 2906 2905 2906)
(comment 0 2906 2907 2906 2907)
(brace 8 2921 2923 2922 2923)
(brace 9 3010 3012 3011 3012)
(label 0 3012 3032 3031 3020)
(brace label 3012 3020 3013 3020)
(brace 9 3030 3032 3031 3032)
(environment 3 3036 3049 3036 3049)
(brace 4 3036 3042 3037 3042)
(brace 9 3047 3049 3048 3049)
