"74ff788fde1a2c74b2c985fe14c7b4d6"
"1f62ab6ad84ea03c1f257dce43aebab0"
(environment 2 4 19 4 19)
(brace 3 4 12 5 12)
(brace 9 17 19 18 19)
(inline-math 0 44 62 44 62)
(inline-math 0 44 44 44 44)
(brace 8 62 64 63 64)
(brace 8 117 119 118 119)
(brace 9 204 206 205 206)
(brace 9 205 207 206 207)
(comment 0 207 208 207 208)
(inline-math 0 232 253 232 253)
(inline-math 0 232 232 232 232)
(brace 8 253 255 254 255)
(brace 8 290 292 291 292)
(brace 8 291 293 292 293)
(brace 9 374 376 375 376)
(brace 9 379 381 380 381)
(brace 9 380 382 381 382)
(inline-math 0 405 424 405 424)
(inline-math 0 405 405 405 405)
(brace 8 424 426 425 426)
(brace 8 461 463 462 463)
(brace 8 462 464 463 464)
(brace 9 546 548 547 548)
(brace 9 551 553 552 553)
(brace 9 552 554 553 554)
(brace 9 561 620 561 620)
(brace 8 561 561 561 561)
(inline-math 0 561 561 561 561)
(inline-math 0 561 561 561 561)
(label 0 620 639 628 638)
(brace label 620 628 621 628)
(brace 9 637 639 638 639)
(environment 3 643 656 643 656)
(brace 4 643 649 644 649)
(brace 9 654 656 655 656)
(environment 2 661 676 661 676)
(brace 3 661 669 662 669)
(brace 9 674 676 675 676)
(inline-math 0 701 719 701 719)
(inline-math 0 701 701 701 701)
(brace 8 719 721 720 721)
(brace 8 774 776 775 776)
(brace 9 864 866 865 866)
(brace 9 865 867 866 867)
(comment 0 867 868 867 868)
(inline-math 0 892 913 892 913)
(inline-math 0 892 892 892 892)
(brace 8 913 915 914 915)
(brace 8 950 952 951 952)
(brace 8 951 953 952 953)
(brace 9 1037 1039 1038 1039)
(brace 9 1042 1044 1043 1044)
(brace 9 1043 1045 1044 1045)
(inline-math 0 1068 1087 1068 1087)
(inline-math 0 1068 1068 1068 1068)
(brace 8 1087 1089 1088 1089)
(brace 8 1124 1126 1125 1126)
(brace 8 1125 1127 1126 1127)
(brace 9 1212 1214 1213 1214)
(brace 9 1217 1219 1218 1219)
(brace 9 1218 1220 1219 1220)
(brace 9 1227 1309 1227 1309)
(brace 8 1227 1227 1227 1227)
(inline-math 0 1227 1227 1227 1227)
(inline-math 0 1227 1227 1227 1227)
(label 0 1309 1328 1317 1327)
(brace label 1309 1317 1310 1317)
(brace 9 1326 1328 1327 1328)
(environment 3 1332 1345 1332 1345)
(brace 4 1332 1338 1333 1338)
(brace 9 1343 1345 1344 1345)
(environment 2 1355 1370 1355 1370)
(brace 3 1355 1363 1356 1363)
(brace 9 1368 1370 1369 1370)
(inline-math 0 1395 1413 1395 1413)
(inline-math 0 1395 1395 1395 1395)
(brace 8 1413 1415 1414 1415)
(brace 8 1468 1470 1469 1470)
(brace 9 1561 1563 1562 1563)
(brace 9 1562 1564 1563 1564)
(comment 0 1564 1565 1564 1565)
(inline-math 0 1589 1610 1589 1610)
(inline-math 0 1589 1589 1589 1589)
(brace 8 1610 1612 1611 1612)
(brace 8 1647 1649 1648 1649)
(brace 8 1648 1650 1649 1650)
(brace 9 1737 1739 1738 1739)
(brace 9 1742 1744 1743 1744)
(brace 9 1743 1745 1744 1745)
(inline-math 0 1768 1787 1768 1787)
(inline-math 0 1768 1768 1768 1768)
(brace 8 1787 1789 1788 1789)
(brace 8 1824 1826 1825 1826)
(brace 8 1825 1827 1826 1827)
(brace 9 1915 1917 1916 1917)
(brace 9 1920 1922 1921 1922)
(brace 9 1921 1923 1922 1923)
(brace 9 1930 2005 1930 2005)
(brace 8 1930 1930 1930 1930)
(inline-math 0 1930 1930 1930 1930)
(inline-math 0 1930 1930 1930 1930)
(label 0 2005 2026 2013 2025)
(brace label 2005 2013 2006 2013)
(brace 9 2024 2026 2025 2026)
(environment 3 2030 2043 2030 2043)
(brace 4 2030 2036 2031 2036)
(brace 9 2041 2043 2042 2043)
(environment 2 2049 2064 2049 2064)
(brace 3 2049 2057 2050 2057)
(brace 9 2062 2064 2063 2064)
(inline-math 0 2089 2107 2089 2107)
(inline-math 0 2089 2089 2089 2089)
(brace 8 2107 2109 2108 2109)
(brace 8 2162 2164 2163 2164)
(brace 9 2258 2260 2259 2260)
(brace 9 2259 2261 2260 2261)
(comment 0 2261 2262 2261 2262)
(inline-math 0 2286 2307 2286 2307)
(inline-math 0 2286 2286 2286 2286)
(brace 8 2307 2309 2308 2309)
(brace 8 2344 2346 2345 2346)
(brace 8 2345 2347 2346 2347)
(brace 9 2437 2439 2438 2439)
(brace 9 2442 2444 2443 2444)
(brace 9 2443 2445 2444 2445)
(inline-math 0 2468 2487 2468 2487)
(inline-math 0 2468 2468 2468 2468)
(brace 8 2487 2489 2488 2489)
(brace 8 2524 2526 2525 2526)
(brace 8 2525 2527 2526 2527)
(brace 9 2618 2620 2619 2620)
(brace 9 2623 2625 2624 2625)
(brace 9 2624 2626 2625 2626)
(brace 9 2633 2723 2633 2723)
(inline-math 0 2633 2633 2633 2633)
(inline-math 0 2633 2633 2633 2633)
(brace 8 2633 2633 2633 2633)
(label 0 2723 2743 2731 2742)
(brace label 2723 2731 2724 2731)
(brace 9 2741 2743 2742 2743)
(environment 3 2747 2760 2747 2760)
(brace 4 2747 2753 2748 2753)
(brace 9 2758 2760 2759 2760)
