"c024d2ddab2bd4d836abdde33a34649b"
"1f62ab6ad84ea03c1f257dce43aebab0"
(environment 2 4 19 4 19)
(brace 3 4 12 5 12)
(brace 9 17 19 18 19)
(inline-math 0 44 62 44 62)
(inline-math 0 44 44 44 44)
(brace 8 62 64 63 64)
(brace 8 117 119 118 119)
(brace 9 211 213 212 213)
(brace 9 212 214 213 214)
(comment 0 214 215 214 215)
(inline-math 0 239 260 239 260)
(inline-math 0 239 239 239 239)
(brace 8 260 262 261 262)
(brace 8 297 299 298 299)
(brace 8 298 300 299 300)
(brace 9 388 390 389 390)
(brace 9 393 395 394 395)
(brace 9 394 396 395 396)
(inline-math 0 419 438 419 438)
(inline-math 0 419 419 419 419)
(brace 8 438 440 439 440)
(brace 8 475 477 476 477)
(brace 8 476 478 477 478)
(brace 9 567 569 568 569)
(brace 9 572 574 573 574)
(brace 9 573 575 574 575)
(brace 9 582 643 582 643)
(brace 8 582 582 582 582)
(inline-math 0 582 582 582 582)
(inline-math 0 582 582 582 582)
(label 0 643 664 651 663)
(brace label 643 651 644 651)
(brace 9 662 664 663 664)
(environment 3 668 681 668 681)
(brace 4 668 674 669 674)
(brace 9 679 681 680 681)
(environment 2 686 701 686 701)
(brace 3 686 694 687 694)
(brace 9 699 701 700 701)
(inline-math 0 726 744 726 744)
(inline-math 0 726 726 726 726)
(brace 8 744 746 745 746)
(brace 8 799 801 800 801)
(brace 9 896 898 897 898)
(brace 9 897 899 898 899)
(comment 0 899 900 899 900)
(inline-math 0 924 945 924 945)
(inline-math 0 924 924 924 924)
(brace 8 945 947 946 947)
(brace 8 982 984 983 984)
(brace 8 983 985 984 985)
(brace 9 1076 1078 1077 1078)
(brace 9 1081 1083 1082 1083)
(brace 9 1082 1084 1083 1084)
(inline-math 0 1107 1126 1107 1126)
(inline-math 0 1107 1107 1107 1107)
(brace 8 1126 1128 1127 1128)
(brace 8 1163 1165 1164 1165)
(brace 8 1164 1166 1165 1166)
(brace 9 1258 1260 1259 1260)
(brace 9 1263 1265 1264 1265)
(brace 9 1264 1266 1265 1266)
(brace 9 1273 1357 1273 1357)
(brace 8 1273 1273 1273 1273)
(inline-math 0 1273 1273 1273 1273)
(inline-math 0 1273 1273 1273 1273)
(label 0 1357 1378 1365 1377)
(brace label 1357 1365 1358 1365)
(brace 9 1376 1378 1377 1378)
(environment 3 1382 1395 1382 1395)
(brace 4 1382 1388 1383 1388)
(brace 9 1393 1395 1394 1395)
(environment 2 1405 1420 1405 1420)
(brace 3 1405 1413 1406 1413)
(brace 9 1418 1420 1419 1420)
(inline-math 0 1445 1463 1445 1463)
(inline-math 0 1445 1445 1445 1445)
(brace 8 1463 1465 1464 1465)
(brace 8 1518 1520 1519 1520)
(brace 9 1618 1620 1619 1620)
(brace 9 1619 1621 1620 1621)
(comment 0 1621 1622 1621 1622)
(inline-math 0 1646 1667 1646 1667)
(inline-math 0 1646 1646 1646 1646)
(brace 8 1667 1669 1668 1669)
(brace 8 1704 1706 1705 1706)
(brace 8 1705 1707 1706 1707)
(brace 9 1801 1803 1802 1803)
(brace 9 1806 1808 1807 1808)
(brace 9 1807 1809 1808 1809)
(inline-math 0 1832 1851 1832 1851)
(inline-math 0 1832 1832 1832 1832)
(brace 8 1851 1853 1852 1853)
(brace 8 1888 1890 1889 1890)
(brace 8 1889 1891 1890 1891)
(brace 9 1986 1988 1987 1988)
(brace 9 1991 1993 1992 1993)
(brace 9 1992 1994 1993 1994)
(brace 9 2001 2078 2001 2078)
(brace 8 2001 2001 2001 2001)
(inline-math 0 2001 2001 2001 2001)
(inline-math 0 2001 2001 2001 2001)
(label 0 2078 2101 2086 2100)
(brace label 2078 2086 2079 2086)
(brace 9 2099 2101 2100 2101)
(environment 3 2105 2118 2105 2118)
(brace 4 2105 2111 2106 2111)
(brace 9 2116 2118 2117 2118)
(environment 2 2124 2139 2124 2139)
(brace 3 2124 2132 2125 2132)
(brace 9 2137 2139 2138 2139)
(inline-math 0 2164 2182 2164 2182)
(inline-math 0 2164 2164 2164 2164)
(brace 8 2182 2184 2183 2184)
(brace 8 2237 2239 2238 2239)
(brace 9 2340 2342 2341 2342)
(brace 9 2341 2343 2342 2343)
(comment 0 2343 2344 2343 2344)
(inline-math 0 2368 2389 2368 2389)
(inline-math 0 2368 2368 2368 2368)
(brace 8 2389 2391 2390 2391)
(brace 8 2426 2428 2427 2428)
(brace 8 2427 2429 2428 2429)
(brace 9 2526 2528 2527 2528)
(brace 9 2531 2533 2532 2533)
(brace 9 2532 2534 2533 2534)
(inline-math 0 2557 2576 2557 2576)
(inline-math 0 2557 2557 2557 2557)
(brace 8 2576 2578 2577 2578)
(brace 8 2613 2615 2614 2615)
(brace 8 2614 2616 2615 2616)
(brace 9 2714 2716 2715 2716)
(brace 9 2719 2721 2720 2721)
(brace 9 2720 2722 2721 2722)
(brace 9 2729 2821 2729 2821)
(inline-math 0 2729 2729 2729 2729)
(inline-math 0 2729 2729 2729 2729)
(brace 8 2729 2729 2729 2729)
(label 0 2821 2843 2829 2842)
(brace label 2821 2829 2822 2829)
(brace 9 2841 2843 2842 2843)
(environment 3 2847 2860 2847 2860)
(brace 4 2847 2853 2848 2853)
(brace 9 2858 2860 2859 2860)
